Stat_ID;Easting_X;Norting_Y;Altitude;Longitude;Latitude;catArea;flowAcc;rel_err[%];row;column;Bl_ID;Start_Date;End_Date;State;data_avail;nxtGage;Station_Name;River;dem_mean;dem_std;dem_min;dem_max;LC-forest;LC-impervious;LC-permeable;WB_from_year;WB_to_year;Qobs[mm_a-1];Precip[mm_a-1];PET[mm_a-1];NSE-Q_v4.3_d;Qsim[mm_a-1];AET[mm_a-1]
6340600;4540259.47;5717409.08;-999;12.581;51.591;6171;6040.8;2.11;-9999;-9999;44;1960-11-01;2009-12-31;DE;100.00%;6340170;BAD-DUEBEN;VEREINIGTE-MULDE;385.52;201.29;74.98;1212.01;25.72;10.17;64.11;1965;1999;341.43;787.36;689.65;0.84;317.32;468.5
6338100;4178648.46;5855718.97;6.71;7.24;52.74;8369;8421.6;0.62;-9999;-9999;6;1940-01-01;2009-12-31;DE;100.00%;-999;VERSEN;EMS;60.48;36.23;10.32;382.57;12.68;7.84;79.48;1965;1999;310.51;793.58;708.61;0.86;305.02;486.27
6335600;4282721.17;5481428.84;120.04;9.004;49.432;12710;12675.4;0.27;-9999;-9999;19;1950-11-01;2009-12-31;DE;100.00%;6335180;ROCKENAU-SKA;NECKAR;444.70;152.78;124.49;1015.12;34.92;10.31;54.77;1965;1999;354.61;915.17;767.76;0.92;369.76;542.2
6335304;4261616.69;5557391.02;90.64;8.667;50.106;24764;24793.3;0.12;-9999;-9999;18;1963-11-01;2009-12-31;DE;100.00%;6335150;FRANKFURT-AM-MAIN;MAIN;355.95;113.14;92.64;1044.32;38.92;6.49;54.60;1965;1999;245.86;789.49;761.22;0.93;254.2;531.69
6340300;4482794.38;5751655.07;-999;11.75;51.9;23719;23822.2;0.44;-9999;-9999;34;1931-11-01;2009-12-31;DE;99.72%;6340140;CALBE-GRIZEHNE;SAALE;287.17;161.91;56.32;1139.46;22.99;8.45;68.55;1965;1999;165.74;638.55;716.8;0.74;139.9;496.88
6337200;4306865.81;5873878.3;4.79;9.125;52.964;37720;37921.4;0.53;-9999;-9999;15;1857-01-01;2010-01-31;DE;100.00%;-999;INTSCHEDE;WESER;223.18;164.53;8.01;1115.74;33.45;7.28;59.26;1965;1999;275.941;772.61;706.29;0.93;261.54;508.47
6342800;4582177.42;5393646.93;299.6;13.116;48.676;47496;43431.5;8.56;-9999;-9999;47;1900-11-01;2009-12-31;DE;100.00%;6342900;HOFKIRCHEN;DANUBE;557.61;170.03;302.26;2328.55;32.11;6.22;61.67;1965;1999;467.85;943.2;750.97;0.81;439.59;500.82
6340501;4521473.57;5830110.36;24.53;12.317;52.605;19288;18470.5;4.24;-9999;-9999;33;1951-01-01;2008-12-31;DE;100.00%;6340150;RATHENOW-HAUPTSCHLEUSE-UP;HAVEL;75.81;55.43;26.94;577.20;39.27;9.71;51.02;1965;1999;151.32;574.54;737.08;0.16;132.95;441.5
0579085;4471764;5746744;-9999;-9999;-9999;3200;3182.3;0.55;-9999;-9999;-9999;1988-11-01;2013-12-31;DE;100%;-9999;STASSFURT;BODE;215.02;161.64;63.72;1072.15;23.39;6.90;69.70;-9999;-9999;-9999;-9999;-9999;-9999;-9999;-9999
6321100;4095750;5743850;12;6.151;51.684;1203;1296.1;7.74;3762;578;1;1955-11-01;2008-12-31;DE;99.85%;6421501;GOCH;NIERS;43.49;19.30;13.79;125.98;7.90;16.91;75.18;1956;2008;192.79;762.04;747.42;-1.87;251.37;510.69
6335115;4206379.54;5538514.58;85;7.911;49.912;4013;4028.1;0.38;5815;1684;9;1935-11-01;2009-12-31;DE;100.00%;6335100;GROLSHEIM;NAHE;349.23;112.81;87.47;815.61;37.61;6.17;56.22;1955;2009;239.75;749.87;763.47;0.68;230.01;519.46
6335125;4205850;5369050;173;8.033;48.392;954;956.2;0.23;7510;1679;11;1914-01-01;2008-12-31;DE;100.00%;6335200;SCHWAIBACH;KINZIG;592.07;195.17;174.65;1080.60;69.67;3.57;26.77;1955;2008;773.64;1437.85;762.75;0.79;857.01;582.95
6335290;4302550;5461450;154;9.287;49.258;1929;1940.5;0.6;6586;2646;19;1911-06-01;2009-12-31;DE;99.40%;6335600;STEIN;KOCHER;405.57;94.42;157.76;741.80;36.89;5.69;57.42;1955;2009;366.73;915.57;783.44;0.66;356.29;560.81
6335300;4306750;5458250;159;9.343;49.23;141;141.7;0.52;6618;2688;19;1929-11-01;1981-12-31;DE;98.71%;6335290;NEUENSTADT;KOCHER;311.22;96.17;169.26;548.38;35.78;4.89;59.33;1955;1981;4613.22;878.07;773.21;-0.37;325.47;549.6
6335350;4241750;5607750;135;8.356;50.545;3571;3578.5;0.21;5123;2038;18;1935-11-01;2009-12-31;DE;100.00%;6335070;LEUN-(NEU);LAHN;322.21;102.94;140.05;742.96;44.14;8.02;47.84;1955;2009;306.67;819.25;746.01;0.7;292.73;526.5
6335601;4292550;5441350;160;9.16;49.073;7916;7893.9;0.28;6787;2546;19;1948-11-01;2009-12-31;DE;100.00%;6335600;LAUFFEN;NECKAR;489.65;159.34;163.47;1015.12;36.97;12.69;50.35;1955;2009;353.19;911.78;774.05;0.83;358.09;561
6335602;4310050;5400050;245.76;9.419;48.707;3995;3973.8;0.53;7200;2721;20;1918-11-01;2009-12-31;DE;100.00%;6335601;PLOCHINGEN;NECKAR;549.87;144.21;250.66;1015.12;35.46;11.11;53.43;1955;2009;393.49;917.37;768.36;0.77;364.95;562.75
6335800;4419150;5535550;230;10.874;49.951;4251;4245.3;0.14;5845;3812;27;1930-11-01;2009-12-31;DE;94.95%;6335303;KEMMERN;MAIN;427.92;125.91;235.73;1044.32;41.36;4.94;53.71;1955;2009;332.93;831.19;738.65;0.79;308.62;524.29
6337500;4358550;5749550;94.98;9.942;51.863;2916;2917.2;0.04;3705;3206;25;1975-11-01;1987-12-31;DE;100.00%;6337509;GREENE;LEINE;276.73;126.32;100.47;925.47;35.68;6.12;58.20;1976;1987;354.52;828.48;686.89;0.89;327.85;491.99
6337501;4344750;5841250;23.01;9.704;52.682;7209;7609.5;5.56;2788;3068;24;1940-11-01;2009-12-31;DE;100.00%;6337250;MARKLENDORF;ALLER;95.83;88.41;26.29;1115.74;31.39;8.75;59.86;1955;2009;179.49;688.58;721.49;0.65;195.48;494.02
6337502;4368850;5833950;31.8;10.063;52.622;4374;4679.4;6.98;2861;3309;24;1890-11-01;2009-12-31;DE;100.00%;6337501;CELLE;ALLER;113.60;107.39;36.30;1115.74;31.24;7.25;61.50;1955;2009;195.05;681.55;720.82;0.77;190.11;492.39
6337503;4272350;5698950;336.97;8.731;51.381;103;102.7;0.29;4211;2344;17;1940-11-01;2009-12-31;DE;100.00%;6337516;HELMINGHAUSEN;DIEMEL;558.77;104.16;343.14;841.72;47.45;1.86;50.69;1955;2009;655.29;1067.43;649.89;0.32;584.56;483.5
6337504;4283250;5673450;245.87;8.898;51.156;1202;1205.9;0.33;4466;2453;17;1930-11-01;2009-12-31;DE;99.70%;6337505;SCHMITTLOTHEIM;EDER;477.01;110.45;248.46;838.85;55.92;3.80;40.28;1955;2009;504.39;985.85;676.08;0.67;485.27;500.88
6337505;4296150;5674250;193.19;9.085;51.164;1452;1454.2;0.15;4458;2582;17;1940-11-01;2009-12-31;DE;100.00%;6337400;AFFOLDERN;EDER;457.19;112.69;198.34;838.85;52.88;4.04;43.07;1955;2009;461.37;940.39;678.95;0.4;441.29;499.35
6337506;4325050;5675950;151.03;9.498;51.193;2975;2979.9;0.16;4441;2871;17;1950-11-01;2009-12-31;DE;100.00%;6337507;GREBENAU;FULDA;368.72;101.00;154.66;950.32;42.64;4.82;52.54;1955;2009;282.69;792.16;727.52;0.77;278.33;514.61
6337507;4323350;5679850;140.89;9.469;51.227;6366;6371.7;0.09;4402;2854;17;1920-11-01;2009-12-31;DE;100.00%;6337400;GUNTERSHAUSEN;FULDA;371.20;113.62;144.41;950.32;42.74;4.80;52.46;1955;2009;294.82;798.18;712.58;0.82;292.2;506.55
6337508;4339950;5654550;179.54;9.72;51.004;2523;2527.1;0.16;4655;3020;26;1920-11-01;2009-12-31;DE;100.00%;6337506;ROTENBURG;FULDA;375.74;102.21;183.27;950.32;41.01;5.10;53.89;1955;2009;286.36;797.8;725.6;0.75;286.14;512.52
6337509;4341850;5808750;43.81;9.676;52.388;5304;5276;0.53;3113;3039;25;1940-11-01;2009-12-31;DE;100.00%;6337510;HERRENHAUSEN;LEINE;230.50;130.75;48.46;925.47;32.83;7.87;59.30;1955;2009;311.14;811.06;707.05;0.89;314.91;498.24
6337510;4338050;5841450;21;9.604;52.683;6443;6429.5;0.21;2786;3001;15;1940-11-01;2009-12-31;DE;100.00%;6337250;SCHWARMSTEDT;LEINE;203.11;134.72;25.37;925.47;30.33;8.66;61.01;1955;2009;309.87;793.87;707.83;0.86;299.19;496.51
6337511;4358950;5683450;143.52;9.98;51.27;5166;5155.4;0.2;4366;3210;26;1941-01-01;2009-12-31;DE;100.00%;6337513;ALLENDORF;WERRA;402.43;132.63;148.24;982.04;42.14;5.69;52.17;1955;2009;288.88;792.95;704.26;0.91;297.96;502.23
6337512;4373750;5667050;168.02;10.197;51.125;4302;4299.1;0.07;4530;3358;26;1950-11-01;2009-12-31;DE;100.00%;6337511;HELDRA;WERRA;417.04;134.62;171.82;982.04;42.37;6.05;51.58;1955;2009;297.36;798.29;696.08;0.89;308.44;498.05
6337513;4340650;5699550;117.4;9.709;51.408;5487;5475.4;0.21;4205;3027;26;1940-11-01;2009-12-31;DE;100.00%;6337400;LETZTER-HELLER;WERRA;396.75;133.42;125.01;982.04;42.76;5.60;51.64;1955;2009;293.13;793.58;706.59;0.91;296.75;503.67
6338110;4178350;5839650;12.42;7.249;52.596;4981;4881.6;2;2804;1404;6;1964-11-01;2009-12-31;DE;100.00%;6338100;DALUM;EMS;69.89;34.75;16.04;382.57;11.48;9.16;79.37;1965;2009;315.67;803.99;724.71;0.79;290.96;511.66
6338120;4198850;5782350;32.71;7.603;52.094;2842;2852.3;0.36;3377;1609;7;1900-11-01;2009-10-31;DE;100.00%;6338130;GREVEN;EMS;83.19;35.73;39.10;382.57;11.43;10.71;77.86;1955;2008;316.68;802.29;724.42;0.69;292.21;511.9
6338130;4188750;5804650;24.19;7.434;52.288;3740;3719;0.56;3154;1508;7;1930-11-01;2008-10-31;DE;100.00%;6338110;RHEINE-UNTERSCHLEUSE-UP;EMS;76.50;34.66;31.97;382.57;10.70;9.91;79.38;1955;2007;321.01;796.86;721.93;0.72;287.38;509.79
6338800;4326450;6045850;5;9.317;54.514;481;471.9;1.9;742;2885;13;1931-12-01;2004-12-31;DE;95.67%;-999;TREIA;TREENE;29.34;12.91;5.24;80.20;5.09;4.04;90.87;1955;2004;396.85;840.96;610.9;0.82;395.29;445.99
6340050;4397250;5892350;14;10.464;53.15;1434;1398.9;2.45;2277;3593;24;1955-11-01;2008-12-31;DE;100.00%;-999;BIENENBUETTEL;ILMENAU;67.70;17.71;16.68;136.82;32.52;3.29;64.19;1956;2008;333.51;681.67;717.88;0.01;185.09;497.38
6340200;4477950;5676950;-999;11.685;51.227;6218;6226.1;0.13;4431;4400;35;1945-11-01;2008-12-31;DE;100.00%;6340301;LAUCHA;UNSTRUT;282.94;123.35;108.78;981.70;23.77;6.75;69.48;1955;2008;158.65;629.15;721.18;0.79;157.15;480.34
6340302;4453150;5620250;190.19;11.33519;50.71932;2678;2622.5;2.07;4998;4152;35;1945-11-01;2009-10-31;DE;100.00%;6340301;RUDOLSTADT;SAALE;534.67;103.82;192.52;874.16;44.57;5.09;50.34;1955;2008;321.47;802.75;704.35;0.73;298.38;505.72
6340610;4636150;5805650;34.78;13.997;52.368;6171;6160.5;0.17;3144;5982;43;1970-11-01;2001-10-31;DE;100.00%;6340611;GROSSE-TRAENKE,-WEHR-UP;SPREE;112.11;77.47;37.89;577.20;36.15;7.29;56.56;1971;2000;76.14;591.22;746.22;-15.56;115.81;478.01
6340700;4596850;5710450;-999;13.395;51.519;3184;3150.3;1.06;4096;5589;44;1960-11-01;2009-10-31;DE;99.99%;6340130;BAD-LIEBENWERDA;SCHWARZE-ELSTER;152.51;57.41;86.30;493.96;30.54;10.50;58.97;1961;2008;150.53;640.55;750.92;0.28;148.19;492.67
6340800;4664450;5718450;-999;14.37;51.577;2092;2090.8;0.06;4016;6265;52;1960-11-01;1989-10-31;DE;100.00%;6340610;SPREMBERG;SPREE;195.06;79.04;95.21;577.20;31.28;7.75;60.97;1961;1988;278.95;672.22;719.97;-0.2;184.84;487.03
6342200;4373650;5290350;656;10.317;47.732;955;864;9.53;8297;3357;30;1900-11-01;2008-12-31;DE;100.00%;6342500;KEMPTEN;ILLER;1117.27;380.04;658.20;2595.50;29.11;4.23;66.66;1955;2008;1712.17;1896.49;744.09;0.41;1317.43;580.23
6342520;4440941.65;5416816.98;84;11.1946;48.88697;1400;1399.6;0.03;7032;4030;38;1940-11-01;2008-12-31;DE;100.00%;6342910;EICHSTAETT;ALTMUEHL;477.30;49.85;389.63;655.06;30.94;3.77;65.29;1955;2008;233.91;744.05;775.21;0.78;203.63;541.24
9304001;4307950;6067650;1.7;9.03;54.7;352;347.3;1.34;524;2700;13;1977-01-01;1978-12-31;DE;100.00%;-999;SOH;SOHOLMER;18.72;11.04;2.23;62.73;6.06;3.87;90.07;1977;1978;355.51;858.14;594.73;-0.4;376.64;436.09
9304003;4306950;6075050;2.31;9;54.77;134;125.6;6.24;450;2690;13;1977-01-01;1977-12-31;DE;100.00%;-999;LECK;LECKER;13.89;7.44;2.62;49.55;5.53;1.95;92.52;1977;1977;313.79;820.47;597.59;-0.22;336.49;435.21
9304014;4373850;5949150;9.62;10.09;53.66;320.5;321.9;0.43;1709;3359;23;1976-11-01;1978-10-31;DE;100.00%;-999;BAECKERBRUECKE;ALSTER;36.78;11.22;11.03;88.28;11.91;15.72;72.37;1977;1977;283.04;845.53;649.14;0.38;295.68;472.99
9304015;4375850;5953850;14.04;10.12;53.7;268.9;260.9;2.99;1662;3379;23;1976-11-01;1978-10-31;DE;100.00%;-999;HASELKNICK;ALSTER;36.93;11.52;16.08;88.28;12.69;10.50;76.81;1977;1977;300.4;847.42;649.91;0.61;292.18;475.63
9304016;4361850;5978350;8.16;9.89;53.91;180;188.3;4.62;1417;3239;23;1975-11-01;1977-10-31;DE;100.00%;-999;BAD-BRAMSTEDT-SCHMALFELD;SCHMALFELDER;33.35;10.93;10.00;89.67;29.78;4.95;65.27;1976;1976;222.38;560.1;719.84;-0.7;179.53;434.41
9304027;4621974.75;5856633.95;-99;13.81;52.83;129;127.2;1.36;2634;5840;42;1968-11-01;1996-10-31;DE;99.99%;-999;Eberswalde;Schwaerze;69.58;17.03;17.65;107.46;53.37;4.42;42.21;1969;1995;107820.76;580.85;724.34;-2.81;110.65;470.87
9304028;4416150;5918950;-99;10.74;53.39;157;169.4;7.92;2011;3782;24;1975-11-01;1996-10-31;DE;100.00%;-999;Schwartow;Boize;34.80;10.79;11.81;93.85;25.39;3.24;71.37;1976;1995;238.33;694.22;685.07;0.58;214.32;478.43
9304029;4423550;5921650;-99;10.85;53.42;608;598.2;1.62;1984;3856;23;1956-11-01;1996-10-31;DE;95.00%;-999;Klein-Beng;Schaale;45.44;9.96;14.56;95.15;19.90;2.50;77.61;1957;1995;142.74;657.43;679.16;0.25;187.86;470.81
9304030;4434750;5910250;-99;11.02;53.32;735;698.8;4.92;2098;3968;24;1954-11-01;1996-10-31;DE;97.61%;-999;Garlitz;Sude;38.39;14.08;10.27;87.76;29.56;3.64;66.81;1955;1995;200.57;636.4;683.42;0.73;160.4;478.48
9304031;4500650;5890950;-99;12.01;53.15;575;581;1.05;2291;4627;33;1977-11-01;1997-10-31;DE;100.00%;-999;Wolfshagen;Stepenitz;78.21;19.43;40.12;152.59;13.58;3.25;83.17;1978;1996;190.53;593.83;689.41;0.58;135.3;462.06
9304032;4444550;5967850;-99;11.14;53.84;242;264.5;9.3;1522;4066;32;1965-11-01;1996-10-31;DE;96.78%;-999;Questin;Stepenitz;55.05;12.93;18.48;110.35;9.79;3.61;86.60;1966;1995;176.25;636.53;651.77;0.68;189.93;448.83
9304033;4430150;5969150;-99;10.94;53.85;123;131.4;6.85;1509;3922;23;1964-11-01;1996-10-31;DE;93.75%;-999;Schoenberg;Maurine;40.12;14.51;4.10;80.82;7.59;2.11;90.30;1965;1995;217.16;666.71;661.22;0.58;212.45;454.37
9304034;4442050;5969750;-99;11.12;53.86;441;477.8;8.35;1503;4041;32;1954-11-01;1996-10-31;DE;100.00%;-999;Boerzow;Stepenitz;50.80;15.23;8.41;110.35;9.36;3.68;86.96;1955;1995;221.92;636.02;653.11;0.62;187;450.84
9304037;4630550;5648950;-99;13.85;50.95;198;186.3;5.9;4711;5926;44;1911-11-01;1996-10-31;DE;100.00%;-999;DOHNA;MUEGLITZ;505.71;173.65;136.07;901.19;31.50;5.13;63.38;1955;1995;442.94;828.23;652.27;0.59;358.58;470.43
9304038;4523250;5542550;472;12.31;50.02;233;237.9;2.1;5775;4853;36;1966-11-01;1995-12-31;DE;100.00%;-999;WALDSASSEN;WONDREB;571.92;58.61;469.36;790.66;49.16;3.69;47.15;1967;1995;246.99;746.28;693.8;0.66;251.3;498.85
9304039;4507850;5542850;492.31;12.11;50.03;122;122.2;0.16;5772;4699;36;1965-11-01;1995-12-31;DE;100.00%;-999;LORENZREUTH;ROESLAU;617.57;76.01;496.21;1009.80;43.70;5.73;50.58;1966;1995;462.97;918.4;667.44;0.7;430.36;489.06
9304042;4640250;5655650;-99;14;51.02;227;227.5;0.23;4644;6023;52;1920-11-01;1996-10-31;DE;100.00%;-999;ELBERSDORF;WESENITZ;313.82;52.32;207.24;584.16;17.44;9.42;73.13;1955;1995;308.11;785.39;725.62;0.64;272.44;514.01
9304045;4574950;5610550;-99;13.08;50.63;206;198;3.9;5095;5370;45;1920-11-01;2006-12-31;DE;100.00%;-999;STRECKENWALDE;PRESSNITZ;663.62;102.09;415.14;1197.57;38.50;9.37;52.12;1955;2006;445;946.32;626.46;0.72;476.81;471.23
9304047;4554750;5652850;-99;12.78;51.01;2107;1996;5.27;4672;5168;44;1909-11-01;1996-10-31;DE;100.00%;-999;WECHSELBURG;ZWICKAUER-MULDE;466.52;177.23;164.74;1212.01;31.96;16.15;51.89;1955;1995;423.52;838.18;689.12;0.69;341.94;496.34
9304050;4589050;5659450;-99;13.27;51.06;585.2;570.7;2.48;4606;5511;44;1925-11-01;1996-10-31;DE;100.00%;-999;NOSSEN-1;FREIBERGER-MULDE;476.56;124.17;208.41;805.15;19.73;8.39;71.87;1955;1995;374.57;842;675.16;0.77;355.53;486.88
9304051;4598050;5639450;-99;13.38;50.88;244.4;238.3;2.5;4806;5601;44;1935-11-01;1996-10-31;DE;100.00%;-999;BERTHELSDORF;FREIBERGER--MULDE;576.67;91.87;363.26;805.15;26.15;5.18;68.67;1955;1995;462.21;900.75;657.16;0.76;416.46;484.7
9304052;4554950;5649650;-99;12.78;50.98;532.3;530.5;0.33;4704;5170;44;1978-11-01;1996-10-31;DE;100.00%;-999;GORITZHAIN;CHEMNITZ;409.56;100.60;181.68;753.98;19.35;22.92;57.73;1979;1995;452.28;800.82;692.24;0.49;317.21;484.94
9304054;4482350;5603650;-99;11.75;50.57;158.3;157.5;0.49;5164;4444;36;1924-11-01;1989-10-31;DE;98.42%;-999;MOSCHILTZ;WISENTA;505.33;45.34;396.80;644.96;33.67;3.79;62.54;1955;1988;274.14;696.1;707.17;0.29;196.8;501.95
9304056;4493550;5577150;470.82;11.92;50.33;521;476.4;8.56;5429;4556;36;1976-01-01;1978-12-31;DE;99.91%;-999;HOF;SAECHSISCHE;569.20;50.94;470.40;852.39;30.06;8.44;61.50;1976;1978;283.68;770.24;686.4;-0.49;260.94;471.9
9304057;4530650;5694450;-99;12.44;51.38;315;311.2;1.22;4256;4927;35;1941-11-01;2006-10-31;DE;100.00%;-999;LEIPZIG-THEKLA;PARTHE;144.38;18.95;112.37;230.58;15.12;13.49;71.39;1955;2005;98.06;609.38;734.41;0.07;123.37;486.92
9304059;4527250;5675250;-99;12.39;51.21;1359;1272.8;6.34;4448;4893;35;1958-11-01;1996-10-31;DE;100.00%;-999;BOEHLEN;PLEISSE;239.24;64.17;124.93;485.20;8.70;9.95;81.35;1959;1995;177.02;629.88;722.04;0.35;144.27;485.52
9304060;4517250;5578850;-99;12.26;50.33;171;155.4;9.13;5412;4793;36;1925-11-01;2006-10-31;DE;96.30%;-999;ADORF;WEISSE-ELSTER;561.38;56.93;427.64;802.41;53.21;5.50;41.30;1955;2005;348.71;801.74;702.85;0.73;285.3;516.88
9304061;4504250;5626050;-99;12.06;50.77;296.7;300.3;1.22;4940;4663;35;1922-11-01;2006-10-31;DE;99.98%;-999;WEIDA;WEIDA;410.48;53.05;234.34;559.12;27.97;4.96;67.07;1955;2005;74.62;653.64;728.73;0.07;150.74;504.48
9304062;4587150;5687650;-99;13.25;51.32;211;209.3;0.79;4324;5492;44;1911-11-01;1996-10-31;DE;97.65%;-999;MERZDORF;DOELLNITZ;169.32;35.73;99.86;282.14;6.99;7.53;85.48;1955;1995;145.98;617.64;707.22;0.44;149.68;468.46
9304063;4416650;5707350;-99;10.8;51.5;303.6;311.4;2.58;4127;3787;26;1953-11-01;2006-10-31;DE;100.00%;-999;NORDHAUSEN;ZORGE;389.23;125.33;179.81;719.45;64.84;7.19;27.98;1955;2005;361.83;897.5;667.44;0.79;408.37;490.95
9304064;4417650;5705550;-99;10.81;51.48;200.6;194.2;3.21;4145;3797;26;1957-11-01;1997-12-31;DE;100.00%;-999;SUNDHAUSEN;HELME;254.04;67.26;170.55;702.77;15.45;4.91;79.65;1958;1997;244.76;711.85;692.08;0.54;233.63;480.31
9304065;4401450;5702950;-99;10.58;51.46;104.2;103.1;1.09;4171;3635;26;1951-11-01;2006-10-31;DE;100.00%;-999;BLEICHERODE;BODE;344.12;74.48;229.28;531.23;32.85;7.15;60.00;1955;2005;259.08;741.97;700.24;0.66;253.03;491.95
9304066;4428050;5691450;-99;10.97;51.36;523.9;501.2;4.34;4286;3901;26;1961-11-01;2006-10-31;DE;100.00%;-999;HACHELBICH;WIPPER;318.94;74.69;175.99;531.23;32.55;7.52;59.93;1962;2005;205.17;666.84;707.06;0.8;186.57;483.78
9304067;4406850;5702450;-99;10.66;51.46;317.8;322.6;1.5;4176;3689;26;1948-11-01;2006-10-31;DE;100.00%;-999;WIPPERDORF;WIPPER;336.60;70.66;214.26;531.23;27.42;7.88;64.70;1955;2005;232.5;710.53;700.65;0.69;225.48;488.2
9304069;4426750;5633750;-99;10.95;50.84;174.7;179.7;2.83;4863;3888;26;1924-11-01;2006-10-31;DE;95.13%;-999;ARNSTADT;GERA;544.72;145.98;273.23;981.70;65.51;5.88;28.60;1955;2005;409.82;870.49;662.57;0.78;399.29;474.52
9304070;4409650;5664350;-99;10.71;51.11;716.1;706.2;1.38;4557;3717;26;1936-11-01;2006-10-31;DE;100.00%;-999;NAGELSTEDT;UNSTRUT;294.07;83.52;169.14;519.35;17.47;6.64;75.89;1955;2005;187.28;646.06;716.09;0.7;190.53;488.1
9304071;4391550;5678250;-99;10.45;51.23;182.7;187.2;2.45;4418;3536;26;1940-11-01;2006-10-31;DE;92.43%;-999;AMMERN;UNSTRUT;362.58;69.11;212.18;519.35;14.11;4.35;81.53;1955;2005;254.31;723.04;711.91;0.55;287.36;502.03
9304072;4379650;5913450;6.68;10.19;53.34;480;453.3;5.56;2066;3417;24;1961-11-01;2005-12-31;DE;100.00%;-999;ROYDORF;LUHE;70.70;25.65;7.51;156.51;44.74;3.59;51.67;1962;2005;336.11;768.94;700.9;-1.6;270.43;499.22
9304074;4348450;5919850;14.31;9.72;53.39;184;188.7;2.57;2002;3105;24;1956-11-01;2005-12-31;DE;100.00%;-999;EMMEN;ESTE;58.32;22.26;13.26;148.08;38.81;5.00;56.19;1957;2005;293.78;769.22;691.76;-0.82;275.41;493.34
9304076;4367950;5919250;6.73;10.02;53.39;416;407.4;2.06;2008;3300;24;1961-11-01;2005-12-31;DE;100.00%;-999;JEHRDEN;SEEVE;68.24;27.07;7.24;167.30;41.29;9.33;49.38;1962;2005;343.94;790.93;692.1;-2.07;295.57;495.91
9304078;4397650;5891950;16.66;10.47;53.15;1457;1396.9;4.12;2281;3597;24;1959-11-01;1996-12-31;DE;100.00%;-999;BIENENBUTTEL;ILMENAU;67.74;17.68;16.68;136.82;32.52;3.30;64.18;1960;1996;209.55;674.75;709;-0.33;179.52;491.48
9304079;4443650;5871050;15.94;11.16;52.97;1325;1260.8;4.85;2490;4057;33;1966-11-01;1996-12-31;DE;100.00%;-999;LUCHOW;JEETZEL;42.12;19.70;16.46;120.01;20.82;2.86;76.32;1967;1996;157.53;571.46;725.09;0.5;103.62;471.92
9304084;4470565.01;5659376.03;-99;11.58;51.07;894.3;889.9;0.49;4607;4326;35;1922-11-01;2006-10-31;DE;100.00%;-999;NIEDERTREBRA;ILM;392.77;142.28;138.18;964.26;31.61;7.47;60.92;1955;2005;220.08;687.44;725.03;0.76;207.84;491.85
9304085;4457150;5645150;-99;11.39;50.94;627;626;0.17;4749;4192;35;1922-11-01;2006-10-31;DE;100.00%;-999;MELLINGEN;ILM;450.12;128.74;226.62;964.26;43.59;4.59;51.82;1955;2005;220.68;729.37;713.44;0.78;244.62;496.17
9304086;4430650;5618550;-99;11.02;50.7;174.2;161;7.6;5015;3927;27;1922-11-01;2006-10-31;DE;100.00%;-999;GRAFINAU-ANGESTEDT;ILM;626.62;114.20;408.26;964.26;72.30;8.67;19.03;1955;2005;501.47;961.11;659.32;0.73;476.75;484.19
9304087;4476750;5637250;-99;11.67;50.87;254.5;247.8;2.63;4828;4388;35;1947-11-01;2006-10-31;DE;100.00%;-999;ZOELLNITZ;RODA;314.15;49.41;167.40;428.22;51.86;3.49;44.65;1955;2005;154.76;647.6;741.63;0.28;132.4;516.52
9304088;4467650;5626050;-99;11.55;50.77;254.8;257.2;0.96;4940;4297;35;1927-11-01;2006-10-31;DE;91.14%;-999;FREIENORLA;ORLA;344.95;79.41;168.83;535.77;29.02;7.95;63.04;1955;2005;166.33;627.76;731.83;0.54;134.16;494.36
9304089;4448550;5616550;-99;11.27;50.69;361.3;363.9;0.71;5035;4106;36;1921-11-01;1995-10-31;DE;97.30%;-999;BLANKENBURG-WEIDMANSCHEIL;SCHWARZA;613.31;114.23;220.56;874.16;72.28;3.60;24.13;1955;1994;459.68;955.83;671.14;0.73;457.14;498.26
9304090;4433350;5602950;-99;11.05;50.56;122.6;123.2;0.51;5171;3954;27;1945-11-01;1989-10-31;DE;100.00%;-999;KATZHUTTE;SCHWARZA;675.89;82.22;420.90;874.16;85.18;3.26;11.56;1955;1988;689.97;1076.25;659.76;0.69;577.93;497.53
9304091;4460150;5608650;-99;11.43;50.62;362.7;365;0.63;5114;4222;36;1922-11-01;2006-10-31;DE;98.81%;-999;KAULSDORF-EICHICHT;LOQUITZ;554.09;100.05;233.33;803.69;63.07;2.48;34.45;1955;2005;334.4;854.75;692.43;0.71;351.3;506.6
9304098;4580550;5660950;-99;13.15;51.08;286;286.2;0.06;4591;5426;44;1925-11-01;2006-10-31;DE;98.66%;-999;NIEDERSTRIEGIS1;STRIEGIS;372.85;72.52;184.16;587.60;13.30;7.35;79.34;1955;2005;318.85;798.41;701.48;0.71;302.53;496.83
9304102;4624050;5675250;-99;13.77;51.2;300;295.2;1.59;4448;5861;44;1920-11-01;1996-10-31;DE;96.05%;-999;GROSSDITTMANNSDORF;GROSSE-ROEDER;243.50;44.18;154.28;420.61;30.75;11.78;57.47;1955;1995;246.15;730.11;732.49;0.6;220.9;510.05
9304105;4602650;5715050;-99;13.48;51.56;637;665.4;4.46;4050;5647;44;1955-11-01;1996-10-31;DE;100.00%;-999;Schadewitz;Kleine-Elster;111.15;12.56;89.42;165.51;46.17;5.70;48.14;1956;1995;103.33;584.13;749.36;0.55;91.66;492.68
9304114;4678950;5740450;-99;14.59;51.77;124;114.3;7.79;3796;6410;51;1977-11-01;1997-10-31;DE;100.00%;-999;Mulknitz;Malxe;99.95;23.66;68.45;179.07;48.36;12.57;39.07;1978;1996;128.54;612.43;743.74;-1.32;132.55;479.48
9304119;4646550;5842850;-99;14.17;52.7;737;799.2;8.44;2772;6086;50;1968-11-01;1996-10-31;DE;100.00%;-999;Bliesdorf;Friedlaender-Strom;40.50;31.01;2.12;140.40;19.97;4.43;75.60;1969;1995;121.81;512.24;729.23;-0.44;64.72;449
9304122;4685850;5675750;-99;14.66;51.2;194.6;186.2;4.34;4443;6479;52;1926-11-01;1989-10-31;DE;98.34%;-999;GRODITZ;LOBAUER-WASSER;290.97;69.40;176.12;577.20;10.75;8.11;81.14;1955;1988;249.18;729.34;706.7;0.46;239.12;490.84
9304130;4326350;6046450;2.73;9.32;54.52;481;470.5;2.19;736;2884;13;1931-12-01;1981-10-31;DE;89.99%;-999;TREIA;TREENE;29.39;12.89;5.24;80.20;5.10;3.94;90.96;1955;1980;351.49;817.68;609.44;0.77;373.39;443.81
9304131;4426650;5643450;-999;10.957;50.921;371.4;375.7;1.17;4766;3887;26;1945-11-01;2006-10-31;DE;100.00%;-999;INGERSLEBEN;APFELSTAEDT;446.09;167.81;223.97;903.27;39.93;7.04;53.03;1955;2005;201.75;784.37;678.51;0.57;317.04;476.39
9304134;4417350;5705150;-999;10.811;51.469;200.6;193.8;3.37;4149;3794;26;1957-11-01;2006-10-31;DE;100.00%;-999;SUNDHAUSEN;HELME;254.18;67.24;173.25;702.77;15.47;4.85;79.68;1958;2005;248.94;726.15;695.89;0.56;243.46;483.7
9304135;4422750;5680850;-999;10.893;51.258;374.3;372.4;0.52;4392;3848;26;1961-11-01;2006-10-31;DE;100.00%;-999;WASSERTHALEBEN;HELBE;346.89;75.71;176.91;518.74;19.64;3.86;76.50;1962;2005;103.3;614.44;717.57;0.6;146.01;488.17
9304136;4428950;5643850;-999;10.989;50.926;842.8;847.2;0.53;4762;3910;26;1930-11-01;2006-10-31;DE;100.00%;-999;ERFURT-MOEBISBURG;GERA;438.72;152.91;215.06;981.70;38.05;6.90;55.05;1955;2005;214.72;748.28;684.22;0.7;283.06;476.87
9304137;4428650;5639650;-999;10.987;50.889;163.1;164.2;0.69;4804;3907;26;1954-11-01;2006-10-31;DE;100.00%;-999;EISCHLEBEN;WIPFRA;385.04;65.93;240.14;604.11;22.30;3.44;74.26;1955;2005;94.09;636.38;706.99;0.15;172.74;484.25
9304145;4530450;5639550;-999;12.432;50.892;293;293.2;0.08;4805;4925;35;1923-11-01;2006-10-31;DE;97.59%;-999;GOELLNITZ;PLEISSE;314.89;49.29;206.02;485.20;10.55;13.94;75.50;1955;2005;193.18;675.74;726.77;0.44;177.13;500.08
9305004;4578350;5367750;354.03;13.06;48.45;850;845.9;0.48;7523;5404;47;1976-01-01;1978-12-31;DE;99.91%;-999;MUEHLHAM;ROTT;457.25;29.59;352.09;534.88;16.51;2.57;80.92;1976;1978;254.43;845.29;764.67;-0.24;293.48;550.06
9305006;4343050;5366450;-99;9.88;48.41;317.5;324.6;2.23;7536;3051;29;1977-10-01;1992-10-31;DE;100.00%;-999;BURGBERG-ORT;HUERBE;711.76;83.90;496.26;865.76;36.00;4.26;59.75;1978;1991;81.25;905.43;715.81;-43.18;375.77;532.49
9305009;4297950;5333550;587.95;9.29;48.11;448;412.5;7.92;7865;2600;20;1932-11-01;1980-10-31;DE;99.75%;-999;HITZKOFEN;LAUCHERT;762.88;58.89;590.83;933.08;46.35;4.92;48.73;1955;1979;335.76;870.55;755.15;0.49;307.52;568.45
9305022;4599950;5410750;435.27;13.36;48.83;113;113.7;0.64;7093;5620;47;1950-11-01;2007-09-30;DE;99.99%;-999;EBERHARDSREUTH;MITTERNACHER-OHE;655.54;103.86;433.69;1033.63;45.12;3.12;51.76;1955;2006;566.31;1124.68;727.48;0.65;580.1;546.87
9305024;4607150;5395750;327.97;13.46;48.69;762;748.3;1.79;7243;5692;47;1920-11-01;2007-09-30;DE;99.99%;-999;KALTENECK;ILZ;698.98;190.65;330.66;1433.90;50.16;2.60;47.24;1955;2006;677.38;1139.6;715.34;0.72;596.35;545.36
9305031;4572950;5434050;448.56;13;49.04;109;108.7;0.3;6860;5350;46;1953-11-01;2005-07-31;DE;99.85%;-999;TEISNACH;TEISNACH;658.99;134.16;449.19;1110.90;48.87;2.71;48.42;1955;2004;606.18;1175.42;730.4;0.53;634.6;541.76
9305036;4590550;5430950;-99;13.24;49.01;120;112.9;5.92;6891;5526;46;1950-11-01;2007-09-30;DE;100.00%;-999;ROEHRNBACH;OSTERBACH;835.96;187.64;561.79;1439.47;79.34;2.50;18.16;1955;2006;720.36;1272.35;683.74;0.57;747.68;526.94
9305038;4509486.4;5443536.66;334.13;12.13;49.13;2658;2469.2;7.1;6765;4715;37;1960-01-01;1995-12-31;DE;97.22%;-999;REGENSTAUF;REGEN;576.77;181.70;333.83;1442.59;52.73;3.17;44.10;1960;1995;477.12;971.17;720.09;0.74;436.73;530.71
9305043;4495550;5442550;338.46;11.94;49.12;5426;5042.1;7.08;6775;4576;37;1960-01-01;1995-12-31;DE;100.00%;-999;HEITZENHOFEN;NAAB;488.39;84.75;338.17;949.40;43.09;4.28;52.62;1960;1995;310.94;789.27;736.06;0.85;262.75;523.3
9305044;4511350;5489150;372.16;12.16;49.54;2004;2030.6;1.33;6309;4734;37;1960-01-01;1995-12-31;DE;100.00%;-999;UNTERKOEBLITZ;NAAB;507.39;87.16;373.92;949.40;43.51;4.42;52.07;1960;1995;301.59;796.67;712.69;0.8;280.65;512.19
9305045;4459350;5441550;383.59;11.45;49.11;152.3;153.9;1.08;6785;4214;37;1950-11-01;1995-12-31;DE;99.95%;-999;BERCHING;SULZ;448.10;45.73;385.09;590.58;33.06;5.26;61.68;1955;1995;236.11;779.54;763.59;0.59;233.98;544.91
9305046;4462650;5432050;364.68;11.49;49.03;2475;2459.8;0.61;6880;4247;37;1976-01-01;1978-12-31;DE;99.91%;-999;BEILNGRIES;ALTMUEHL;477.20;51.56;364.69;655.06;32.95;3.80;63.25;1976;1978;216.19;735.31;756.53;-0.2;195.61;516.52
9305047;4420750;5425150;407.06;10.92;48.96;982;982.9;0.09;6949;3828;28;1976-01-01;1978-12-31;DE;99.91%;-999;TREUCHLINGEN;ALTMUEHL;463.73;44.80;409.28;655.06;26.39;3.20;70.41;1976;1978;178.14;708.93;752.73;0.01;164.68;508.91
9305051;4287750;5330750;598.4;9.15;48.09;1506.3;1462.5;2.91;7893;2498;20;1981-01-01;1997-12-31;DE;100.00%;-999;UNTERSCHMEIEN;SCHMIECHA;809.58;98.99;584.50;1143.41;49.28;6.36;44.37;1981;1997;30.15;1006.51;741.59;-271.53;466.87;555.31
9305052;4287950;5322950;592.6;9.16;48.01;199.6;208.1;4.24;7971;2500;20;1983-01-01;2007-10-31;DE;99.69%;-999;MENNINGEN;ABLACH;674.98;45.93;594.26;834.70;34.20;2.81;62.99;1983;2006;188.82;861.22;769.48;0.22;296.28;569.81
9305055;4339050;5346850;498.27;9.83;48.24;405.5;385;5.05;7732;3011;20;1982-11-01;1996-10-31;DE;100.00%;-999;NIEDERKIRCH;RISS;590.06;47.14;497.67;761.37;22.07;6.98;70.95;1983;1995;368.31;904.74;770.53;0.65;342.89;562.33
9305056;4297950;5333550;587.95;9.29;48.11;452.4;412.5;8.82;7865;2600;20;1980-11-01;1996-10-31;DE;100.00%;-999;LAUCHERTAL;LAUCHERT;762.88;58.89;590.83;933.08;46.35;4.92;48.73;1981;1995;342.49;935.21;750.15;0.55;381.1;561.22
9305059;4237950;5318650;-99;8.49;47.95;191.7;187.7;2.09;8014;2000;12;1981-11-01;1988-12-31;DE;100.00%;-999;DONAUESCHINGEN;BRIGACH;807.44;76.01;678.41;1022.83;47.73;12.27;40.00;1982;1988;603.13;1184.29;735.19;0.75;662.15;552.17
9305062;4400150;5351150;487.44;10.65;48.29;133;132;0.75;7689;3622;29;1950-11-01;2007-09-30;DE;99.99%;-999;FISCHACH;SCHMUTTER;569.35;32.05;490.26;653.17;45.44;3.90;50.66;1955;2006;322.23;954.45;767.8;0.27;383.66;572.39
9305063;4405550;5386450;409.32;10.72;48.61;505;505.8;0.15;7336;3676;29;1960-01-01;1995-12-31;DE;100.00%;-999;PFAFFENHOFEN;ZUSAM;490.71;38.98;410.13;647.82;34.63;4.49;60.88;1960;1995;277.63;858.58;767.71;0.37;295.52;560.37
9305064;4404250;5406550;403.09;10.69;48.79;1578;1565.4;0.8;7135;3663;29;1960-01-01;1995-12-31;DE;100.00%;-999;HARBURG;WOERNITZ;472.15;41.79;405.93;679.34;22.55;4.25;73.20;1960;1995;233.35;752.08;766.95;0.6;210.34;540.5
9305065;4380650;5373650;436.4;10.38;48.49;951;959.2;0.86;7464;3427;29;1940-11-01;2007-09-30;DE;97.00%;-999;OFFINGEN;MINDEL;592.94;92.85;434.30;891.14;23.57;5.94;70.49;1955;2006;409.76;978.3;766.56;0.63;424.23;555.63
9305066;4372550;5370450;441.11;10.27;48.46;707;693.6;1.89;7496;3346;29;1960-01-01;1995-12-31;DE;100.00%;-999;GUENZBURG;GUENZ;614.82;102.86;442.13;909.16;24.53;5.22;70.25;1960;1995;432.14;998.22;756.46;0.71;443.36;552.46
9305068;4374250;5264250;771.92;10.33;47.51;126;124.7;1.02;8558;3363;30;1932-11-01;2007-09-30;DE;99.99%;-999;RECKENBERG;OSTERACH;1438.73;354.17;776.15;2328.55;27.58;1.10;71.32;1955;2006;2013.14;2088.88;728.7;0.22;1515.11;576.09
9305073;4351150;5361050;472.87;9.99;48.37;2115;2078.4;1.73;7590;3132;29;1976-01-01;1978-12-31;DE;99.91%;-999;WIBLINGEN;ILLER;856.89;339.63;473.91;2595.50;26.76;5.81;67.43;1976;1978;819.3;1415;735.83;-0.39;854.94;552.71
9305075;4383350;5412650;446.3;10.41;48.84;126;124.5;1.2;7074;3454;29;1929-11-01;2004-10-31;DE;100.00%;-999;TROCHTELFINGEN;EGER;516.42;42.59;444.16;668.00;20.90;5.92;73.18;1955;2003;341.71;818.34;778.26;0.47;273.53;554.41
9305077;4344129.11;5350036.17;490.99;9.9;48.27;264;267.9;1.48;7700;3062;29;1924-11-01;2007-10-31;DE;99.81%;-999;ACHSTETTEN;BAIERZER-ROT;624.95;64.00;489.96;765.59;34.59;3.11;62.30;1955;2006;391.15;967.37;765.92;0.54;408.58;560.32
9305078;4339050;5346850;498.27;9.83;48.24;397;385;3.01;7732;3011;20;1931-11-01;1982-10-31;DE;99.92%;-999;UNTERSULMETINGEN;RISS;590.06;47.14;497.67;761.37;22.07;6.98;70.95;1955;1981;356.31;875.76;753.83;0.47;319.23;553.28
9305081;4315566.69;5339760.81;527.46;9.52;48.17;170.6;182.2;6.83;7803;2776;20;1931-11-01;1996-10-31;DE;97.81%;-999;UNLINGEN;KANZACH;599.03;28.27;527.70;765.52;23.89;3.23;72.88;1955;1995;189.88;832.8;753.86;0.28;279.52;552.63
9305086;4528550;5370350;433.09;12.39;48.47;318;329.6;3.64;7497;4906;38;1939-11-01;2007-09-30;DE;99.74%;-999;VILSBIBURG;GROSSE-VILS;480.53;17.10;432.44;530.45;11.84;2.48;85.68;1955;2006;263.62;872.77;783.93;0.33;305.73;568.55
9305087;4584750;5386650;308.25;13.15;48.62;1436;1439.2;0.22;7334;5468;47;1976-01-01;1978-12-31;DE;99.91%;-999;GRAFENMUEHLE;VILS;439.27;46.60;317.30;530.45;18.88;2.14;78.97;1976;1978;192.79;790.37;771.5;-0.34;241.49;544.39
9305088;4553850;5386350;371.89;12.73;48.62;719.5;746.9;3.8;7337;5159;47;1976-01-01;1978-12-31;DE;99.91%;-999;ROTTERSDORF;VILS;469.17;27.34;372.02;530.45;16.85;2.60;80.55;1976;1978;211.68;801.01;768.96;-0.27;256.07;544.6
9305090;4498350;5364550;424.24;11.98;48.42;141.8;141.5;0.19;7555;4604;38;1953-11-01;2007-09-30;DE;99.99%;-999;APPOLDING;STROGEN;475.81;27.29;421.38;567.56;11.35;3.49;85.16;1955;2006;334.74;877.17;776.63;0.46;327.42;550.94
9305091;4465250;5365950;450.08;11.53;48.43;392;390.4;0.41;7541;4273;38;1935-11-01;2007-09-30;DE;99.99%;-999;HOHENKAMMER;GLONN;501.66;19.15;450.18;579.01;16.30;4.27;79.43;1955;2006;269.9;883.43;777.28;0.35;318.3;567.16
9305092;4432850;5326250;544.73;11.1;48.07;125;127.3;1.82;7938;3949;29;1935-11-01;1995-12-31;DE;99.87%;-999;GREIFENBERG;WINDACH;644.54;42.05;544.60;737.12;29.99;2.42;67.59;1955;1995;319.36;1051.87;731.83;0.34;502.46;548.57
9305094;4435550;5300950;556.31;11.14;47.84;601;602.6;0.27;8191;3976;30;1925-11-01;2007-09-30;DE;99.99%;-999;WEILHEIM;AMMER;883.96;302.94;556.17;2166.27;44.17;3.78;52.05;1955;2006;778.01;1397.27;704.27;0.65;853.71;545.76
9305095;4429320.51;5273843.82;833.27;11.06;47.6;114;122.3;7.29;8462;3914;30;1920-11-01;2007-09-30;DE;99.99%;-999;OBERAMMERGAU;AMMER;1280.38;292.94;833.53;2166.27;61.96;1.68;36.36;1955;2006;949.09;1707.12;685.43;0.4;1169.76;540.71
9305096;4491150;5369650;417.34;11.88;48.47;3043;3136.9;3.09;7504;4532;38;1960-01-01;1995-12-31;DE;100.00%;-999;INKOFEN;AMPER;616.84;195.71;417.52;2166.27;27.68;9.26;63.06;1960;1995;465.2;1057.66;742.73;0.39;506.72;547.74
9305105;4287750;5332050;581.91;9.15;48.09;155;148.3;4.32;7880;2498;20;1931-11-01;1996-10-31;DE;99.58%;-999;UNTERSCHMEIEN;SCHMIECHA;813.43;77.21;593.08;972.61;45.33;11.77;42.90;1955;1995;345.2;917.88;742.19;0.57;368.18;563.21
9305106;4354550;5327550;-99;10.05;48.07;137.2;131.8;3.91;7925;3166;29;1973-08-01;1993-10-31;DE;100.00%;-999;LAUPHEIM-NEUE-WELT;ROTTUM;673.69;42.42;566.37;765.59;29.34;2.14;68.52;1974;1992;400.37;1040.54;756.59;-0.04;487.9;552.83
9305107;4272050;5326850;642.1;8.95;48.04;134;133.2;0.57;7932;2341;20;1937-11-01;1996-12-31;DE;99.92%;-999;FRIDINGEN;BAERA;859.36;72.10;636.58;1005.02;55.85;6.48;37.67;1955;1996;430.71;937.53;716.37;0.63;399.35;547.99
9305111;4540750;5316950;496.62;12.55;47.99;378;356.7;5.63;8031;5028;48;1925-11-01;2007-09-30;DE;99.99%;-999;STEIN-BEI-ALTENMARKT;TRAUN;841.12;257.01;502.04;1943.71;59.83;4.79;35.39;1955;2006;1113.1;1754.88;720.54;0.6;1198.67;558.74
9305114;4539350;5349250;403.73;12.53;48.28;484;487.6;0.74;7708;5014;47;1928-11-01;1995-12-31;DE;99.80%;-999;STEGMUEHLE;ISEN-MIT-ENTWAESSERUNGSGRABEN;487.86;55.25;403.85;639.73;14.82;3.30;81.89;1955;1995;317.37;937.55;770.67;0.42;378.18;559.66
9305116;4510950;5321250;435.02;12.15;48.03;244;251.9;3.23;7988;4730;38;1950-11-01;2007-09-30;DE;100.00%;-999;ANGER;ATTEL;524.96;40.03;439.15;656.59;26.92;2.68;70.40;1955;2006;485.11;1073.35;767.44;0.61;492.97;581.91
9305118;4499350;5302250;478.74;12;47.86;771;744;3.5;8178;4614;39;1976-01-01;1978-12-31;DE;99.91%;-999;BAD-AIBLING-WILLINGER-BR.;MANGFALL;891.10;257.57;480.04;1878.61;56.76;4.72;38.51;1976;1978;360.74;1565.63;696.84;-3.14;1025.02;533.88
9305128;4548550;5298050;605.27;12.65;47.82;183;164.9;9.9;8220;5106;48;1925-11-01;2007-09-30;DE;99.99%;-999;SIEGSDORF;WEISSE-TRAUN;997.41;241.74;603.82;1943.71;74.38;1.66;23.95;1955;2006;1506.41;1970.76;705.78;0.54;1420.64;552.96
9305129;4320350;5349550;516.99;9.58;48.26;299;325.4;8.83;7705;2824;20;1965-11-01;1990-10-31;DE;99.63%;-999;LAUTERACH;LAUTER;718.41;48.87;517.13;868.66;40.94;3.09;55.98;1966;1989;152.14;922.31;736.14;-7.36;373.61;553.55
9305130;4371550;5386050;-99;10.26;48.6;450.2;419;6.93;7340;3336;29;1950-11-01;1988-10-31;DE;99.31%;-999;HERMARINGEN-KRAFTWERK;BRENZ;593.85;67.88;451.43;775.80;46.71;9.13;44.16;1955;1987;414.72;922.84;748.11;0.13;366.28;556.61
9305131;4353350;5305950;-99;10.04;47.87;308.1;309.1;0.32;8141;3154;30;1938-11-01;2007-10-31;DE;99.89%;-999;LAUBEN;AITRACH;731.35;106.89;625.50;1126.26;32.42;2.99;64.59;1955;2006;565.26;1277.16;762.18;0.65;705.93;572.26
9305132;4287950;5322950;-99;9.16;48;199.6;208.1;4.24;7971;2500;20;1952-12-01;1993-10-31;DE;98.82%;-999;MENNINGEN-OST;ABLACH;674.98;45.93;594.26;834.70;34.20;2.81;62.99;1955;1992;207.42;870.01;751.6;0.43;307;562.85
9305133;4236650;5330550;-99;8.47;48.06;108.5;100.3;7.54;7895;1987;11;1958-11-01;1990-10-31;DE;98.96%;-999;VILLINGEN;BRIGACH;844.92;68.40;702.16;1022.83;53.12;12.09;34.79;1959;1989;617.77;1247.48;732.44;0.74;695.15;555.41
9305134;4227650;5323650;736.5;8.35;47.99;158;158;0;7964;1897;11;1926-11-01;2007-10-31;DE;97.97%;-999;HAMMEREISENBACH;BREG;965.90;73.34;742.18;1143.41;69.53;3.03;27.43;1955;2006;960.33;1467.79;709.52;0.71;918.28;550.51
9305135;4331750;5350350;492.12;9.73;48.27;4036;4085.7;1.23;7697;2938;20;1975-11-01;1978-10-31;DE;100.00%;-999;BERG;DONAU;723.15;113.09;493.04;1143.41;40.62;5.28;54.10;1976;1977;254.85;865.03;746.56;0.42;315.28;544.75
9305136;4344586;5366712.55;-99;9.9;48.42;180;185.8;3.25;7533;3066;29;1953-04-01;1988-08-31;DE;99.85%;-999;HERRLINGEN-POST;LAUTER;714.40;56.10;496.44;862.29;24.04;4.64;71.32;1955;1987;137.15;936.42;703.02;-17.37;406.17;530.2
9305137;4237950;5318650;-99;8.49;47.95;194;187.7;3.25;8014;2000;12;1950-11-01;1992-10-31;DE;80.12%;-999;DONAUESCHINGEN;BRIGACH;807.44;76.01;678.41;1022.83;47.73;12.27;40.00;1955;1991;421.34;1125.15;739.9;0.68;573.49;559.26
9305138;4252050;5314950;660.85;8.68;47.93;766;752.3;1.79;8051;2141;21;1950-11-01;1988-10-31;DE;96.45%;-999;KIRCHENHAUSEN;DONAU;814.84;109.19;659.73;1143.41;46.51;6.68;46.81;1955;1987;525.66;1078.4;738.01;0.79;531.95;556.07
9305139;4531550;5420050;326.28;12.43;48.92;406;401.4;1.15;7000;4936;37;1953-11-01;2006-02-28;DE;99.95%;-999;SCHOENACH;GROSSE-LABER;418.91;42.72;325.89;518.87;20.02;4.14;75.84;1955;2005;184.14;734.54;786.85;0.45;190.58;544.64
9305140;4463450;5399150;363.32;11.5;48.73;1187;1244.7;4.86;7209;4255;38;1960-01-01;1995-12-31;DE;100.00%;-999;MANCHING-EISENBAHNBR.;PAAR;454.09;60.96;361.24;637.74;19.42;6.49;74.09;1960;1995;242.95;804.76;778.06;0.27;251.8;550.79
9305142;4393850;5291050;739.7;10.58;47.75;109;106;2.73;8290;3559;30;1945-11-01;2007-09-30;DE;100.00%;-999;LEUTERSCHACH;LOBACH;827.41;37.74;737.79;1039.69;14.83;1.44;83.73;1955;2006;785.99;1401.13;725.2;0.61;849.43;553
9305144;4399850;5326550;595.83;10.65;48.07;665;653.1;1.79;7935;3619;29;1976-01-01;1978-12-31;DE;99.91%;-999;TUERKHEIM;WERTACH;831.55;151.22;594.31;1883.52;26.61;4.56;68.83;1976;1978;750.84;1324.7;706.81;-0.38;789.49;530.99
9305145;4398850;5299850;697.28;10.65;47.83;450;445.1;1.08;8202;3609;30;1920-11-01;2007-09-30;DE;100.00%;-999;BIESSENHOFEN;WERTACH;879.18;155.71;694.84;1883.52;25.72;3.14;71.14;1955;2006;873.4;1472.74;723.61;0.7;921.11;553.23
9305151;4571450;5275550;576.93;12.95;47.62;121;122.5;1.25;8445;5335;48;1930-11-01;1995-12-31;DE;100.00%;-999;ILSANK;RAMSAUER-ACHE;1371.77;448.00;579.83;2702.20;51.77;0.42;47.80;1955;1995;1315.47;1963.45;748.04;-0.13;1383.92;580.79
9315005;4095750;5744450;14.16;6.15;51.69;1220;1296.7;6.29;3756;578;1;1976-11-01;1979-10-31;DE;100.00%;-999;GOCH;NIERS;43.48;19.30;13.79;125.98;7.90;16.93;75.17;1977;1978;131.85;693.38;701.74;-6.31;152.68;488.76
9315006;4096850;5689950;43.77;6.23;51.2;130.2;128.1;1.65;4301;589;2;1950-11-01;1986-05-31;DE;100.00%;-999;PANNENMUEHLE;SCHWALM;74.03;9.95;43.49;101.68;15.37;14.25;70.38;1955;1985;222.75;756.46;739.71;-3.68;249.1;507.98
9315010;4109150;5619250;327.23;6.48;50.58;344.6;317.2;7.94;5008;712;3;1951-11-01;1994-03-31;DE;99.80%;-999;GEMUEND;URFT;518.60;60.76;334.56;689.27;44.76;5.64;49.60;1955;1993;467.77;913.66;663.02;0.64;426.11;486.62
9315014;4098650;5647050;124.13;6.29;50.82;232.2;217.3;6.4;4730;607;2;1966-01-01;1988-07-31;DE;100.00%;-999;ESCHWEILER-KLAERANLAGE;INDE;293.74;100.86;123.28;607.00;42.37;18.05;39.58;1966;1987;416.7;929.5;681.23;0.6;436.87;495.28
9315015;4113893.37;5615650.69;371.39;6.55;50.55;131.1;132.5;1.05;5044;759;3;1975-01-01;1986-10-31;DE;100.00%;-999;KALL-SPORTPLATZ;URFT;514.20;44.38;366.62;606.72;38.79;6.46;54.75;1975;1985;371.3;858.25;664.96;0.62;388.45;479.47
9316002;4367450;5847050;41.99;10.04;52.74;750;718.2;4.24;2730;3295;24;1960-11-01;2005-12-31;DE;100.00%;-999;FEUERSCHUTZENBOSTEL;ORTZE;80.94;14.61;41.79;139.40;56.99;4.38;38.63;1961;2005;261.82;777.17;715.95;-0.28;261.36;516.15
9316003;4428550;5813350;59.67;10.95;52.45;514;514.8;0.15;3067;3906;25;1966-11-01;1997-12-31;DE;100.00%;-999;GRAFHORST;ALLER;123.09;31.79;58.73;210.28;25.78;4.42;69.80;1967;1997;117.29;565.62;726.65;0.63;102.29;467.91
9316006;4396950;5801450;64.29;10.49;52.34;594;614.1;3.39;3186;3590;25;1965-11-01;1996-12-31;DE;100.00%;-999;HARXBUTTEL;SCHUNTER;122.53;47.93;63.60;319.05;26.25;10.19;63.56;1966;1996;14.58;636.46;714.25;-68.23;160.59;477.04
9316008;4405750;5827550;54.9;10.61;52.57;340;358.6;5.46;2925;3678;24;1966-11-01;1996-12-31;DE;100.00%;-999;NEUDORF-PLATENDORF;ISE;80.18;15.82;54.24;135.58;34.98;3.10;61.92;1967;1996;195.47;657.38;723.76;0.57;162.98;498.62
9316009;4385250;5827950;45.17;10.32;52.57;205;219.7;7.18;2921;3473;24;1960-11-01;2005-12-31;DE;100.00%;-999;NEUHAUS;SCHWARZWASSER;66.21;17.18;44.28;114.82;33.00;1.95;65.06;1961;2005;175.16;692.6;724.52;0.64;178.22;514.8
9316014;4201509.61;5339009.76;286.5;7.99;48.12;303;303.5;0.16;7810;1636;11;1940-11-01;1997-12-31;DE;97.74%;-999;GUTACH;ELZ;703.81;227.65;285.57;1214.75;70.76;1.20;28.03;1955;1997;882.33;1531.8;720.07;0.71;976.24;555.6
9316016;4244850;5435850;122.27;8.51;49.01;235;234.8;0.1;6842;2069;19;1926-01-01;1993-12-31;DE;92.64%;-999;BERGHAUSEN;PFINZ;268.53;66.56;124.76;524.48;33.94;12.54;53.52;1955;1993;223.68;906.77;779.19;0.31;370.41;557.2
9316018;4228250;5415650;132.19;8.3;48.82;468.8;473.1;0.91;7044;1903;11;1917-01-01;2007-10-31;DE;98.52%;-999;ROTENFELS;MURG;648.81;226.54;132.54;1163.11;75.20;4.17;20.63;1955;2006;1045.18;1611.42;709.28;0.71;1066.9;545.88
9316023;4219650;5360350;276.92;8.22;48.32;127;121.7;4.19;7597;1817;11;1967-11-01;1993-10-31;DE;100.00%;-999;OBERWOLFACH;WOLF;648.10;152.84;276.32;968.52;80.68;1.05;18.27;1968;1992;1135.41;1692.25;736.08;0.65;1123.98;571.2
9316024;4218750;5290150;-99;8.28;47.69;105.9;111.2;5;8299;1808;12;1950-11-01;1992-10-31;DE;94.24%;-999;HINTERLEHENGERICHT;SCHILTACH;926.26;156.58;464.27;1298.16;68.76;2.29;28.95;1955;1991;580.35;1445.94;711.24;0.05;899.59;551.04
9316025;4205850;5369050;176;8.03;48.39;957;956.2;0.09;7510;1679;11;1914-01-01;2007-10-31;DE;99.87%;-999;SCHWAIBACH;KINZIG;592.07;195.17;174.65;1080.60;69.67;3.57;26.77;1955;2006;776.01;1438.72;761.12;0.79;859.3;581.75
9316036;4192550;5282750;-99;7.91;47.61;107.7;102.6;4.74;8373;1546;12;1928-11-01;1995-12-31;DE;93.76%;-999;RAMSBACH-BIRKHOF;RENCH;780.23;219.91;315.36;1230.28;69.41;4.31;26.28;1955;1995;1073.93;1625.44;736.6;0.31;1047.72;577
9316037;4189450;5293950;423.6;7.86;47.71;209;198.8;4.89;8261;1515;12;1928-03-01;1997-12-31;DE;95.23%;-999;ZELL;WIESE;904.72;206.72;431.62;1490.67;68.94;1.33;29.74;1955;1997;1160.22;1770.43;675.37;0.75;1242.13;528.58
9316051;4233550;5307750;-99;8.45;47.85;258.2;267.8;3.71;8123;1956;12;1940-11-01;1988-10-31;DE;99.99%;-999;EBNET;DREISAM;929.29;120.02;578.38;1467.15;62.18;2.97;34.85;1955;1987;697.23;1325.32;713.85;0.72;782.03;548.72
9316052;4224450;5283050;345.47;8.33;47.63;617;632.3;2.49;8370;1865;12;1912-01-01;2007-10-31;DE;99.92%;-999;OBERLAUCHRINGEN;WUTACH;782.04;178.30;356.31;1467.15;45.91;3.21;50.88;1955;2006;450.71;1132.38;749.1;0.73;582.16;559.29
9316074;4258450;5383250;408.49;8.73;48.54;147.4;148.8;0.98;7368;2205;20;1982-11-01;1996-10-31;DE;100.00%;-999;ISELHAUSEN;WALDACH;588.42;57.45;406.55;731.94;38.66;6.01;55.33;1983;1995;372.04;1064.98;771.09;0.72;526.37;565.71
9316086;4325850;5312450;515.96;9.67;47.93;269.9;253.8;5.96;8076;2879;21;1960-01-01;1996-07-31;DE;97.69%;-999;DURLESBACH;SCHUSSEN;595.50;32.42;520.08;724.99;25.98;5.16;68.86;1960;1995;122.4;937.93;756.38;-1.26;369.09;566.41
9316089;4339350;5284650;-99;9.86;47.68;164.1;169.3;3.16;8354;3014;30;1929-11-01;1996-10-31;DE;99.82%;-999;EPPLINGS;OBERE-ARGEN;753.11;115.75;565.34;1237.20;25.86;1.10;73.05;1955;1995;1070.18;1718.93;745.21;0.58;1149.73;567.59
9316091;4330850;5280850;-99;9.74;47.64;198;217.7;9.93;8392;2929;21;1950-11-01;1993-10-31;DE;94.19%;-999;RIELASINGEN;RADOLFZELLER-AACH;711.03;129.86;502.49;1237.20;22.93;3.36;73.71;1955;1992;1147.8;1635.31;747.35;-0.26;1063.66;571.2
9316094;4293550;5291550;-99;9.248;47.7296;271.5;276;1.64;8285;2556;21;1938-11-01;2007-10-31;DE;98.54%;-999;UHLDINGEN;SEEFELDER-AACH;569.40;105.44;404.70;834.10;29.54;3.15;67.30;1955;2006;370.59;943.71;762.93;0.68;372.73;571.95
9316095;4315650;5285250;401.89;9.54;47.68;790;774.1;2.01;8348;2777;21;1919-11-01;2007-10-31;DE;98.78%;-999;GERBERTSHAUS;SCHUSSEN;578.49;73.03;408.67;758.11;26.78;6.47;66.75;1955;2006;456.01;1035.33;772.43;0.71;456.05;580.97
9316096;4325850;5312450;515.96;9.67;47.93;246;253.8;3.18;8076;2879;21;1919-11-01;1984-10-31;DE;100.00%;-999;MAGENHAUS;SCHUSSEN;595.50;32.42;520.08;724.99;25.98;5.16;68.86;1955;1983;317.77;920.08;753.79;0.68;358.41;564.25
9316097;4319650;5279350;421.07;9.6;47.63;652;652.7;0.11;8407;2817;21;1932-11-01;2007-10-31;DE;99.22%;-999;GIESSEN;ARGEN;706.53;141.99;421.25;1240.28;27.13;2.78;70.09;1955;2006;959.31;1545.47;760.2;0.63;964.15;582.46
9316099;4221850;5309650;806;8.29;47.88;223;212.4;4.75;8104;1839;12;1960-01-01;1996-12-31;DE;100.00%;-999;ROETENBACH;ROETENBACH;963.61;102.40;720.75;1467.15;64.89;3.42;31.69;1960;1996;73.92;1407.43;711.2;-73.31;854.42;551.54
9316108;4252550;5448250;-99;8.61;49.12;174.9;175.7;0.46;6718;2146;19;1927-11-01;1996-12-31;DE;93.62%;-999;BRUCHSAL;SALLBACH;226.14;46.54;120.01;380.39;30.71;11.06;58.23;1955;1996;239.16;797.5;804.15;-0.13;235.17;561
9316109;4219667.67;5359261.45;-99;8.22;48.31;126.2;126.3;0.09;7608;1817;11;1909-11-01;1995-12-31;DE;99.49%;-999;OBERWOLFACH;WOLF;640.95;155.93;267.58;968.52;80.53;1.32;18.15;1955;1995;1059.08;1680.25;742.71;0.66;1102.12;578.94
9316111;4231650;5393350;-99;8.36;48.62;230.7;232.4;0.76;7267;1937;11;1924-01-01;1985-10-31;DE;99.73%;-999;FORBACH;MURG;751.79;125.95;445.34;1153.67;76.89;2.80;20.31;1955;1984;1265.64;1684.74;680.46;0.61;1155.38;530.6
9316113;4257950;5466950;-99;8.68;49.29;115.4;113.7;1.45;6531;2200;19;1976-05-01;1992-10-31;DE;100.00%;-999;WIESLOCH-ALTE-HOHE-STR;LEIMBACH;199.90;44.42;112.18;472.90;21.72;12.25;66.03;1977;1991;238.39;849.32;782.86;-0.31;306.45;549.18
9316129;4142950;5626850;145.21;6.95;50.67;108;101.5;6;4932;1050;8;1972-11-01;1994-04-30;DE;100.00%;-999;MORENHOVEN;SWIST;225.26;58.36;144.18;401.30;20.90;11.67;67.43;1973;1993;150.76;687.25;750.78;0.49;183.53;497.9
9316131;4131450;5637850;116.38;6.77;50.76;191;189.6;0.72;4822;935;2;1950-11-01;1994-03-31;DE;99.99%;-999;FRIESHEIM;ROTBACH;257.69;94.02;116.01;524.60;12.52;5.13;82.35;1955;1993;105.65;684.67;706.9;-0.44;203.75;479.56
9316132;4136650;5638250;108.63;6.85;50.77;285;278.4;2.31;4818;987;2;1972-11-01;1994-04-30;DE;99.62%;-999;WEILERWIST;SWIST;207.87;73.78;108.75;463.24;30.40;8.98;60.62;1973;1993;96.15;671.14;743.77;0.25;167.12;497.86
9316135;4175350;5597050;-99;7.43;50.42;368.6;370.4;0.5;5230;1374;9;1953-06-01;2007-04-30;DE;99.94%;-999;NETTEGUT;NETTE;353.30;144.05;66.64;720.97;31.14;10.66;58.20;1955;2006;196.9;698.13;745.77;0.56;185.5;514.08
9316136;4114150;5568750;-99;6.6;50.13;471.8;474.9;0.65;5513;762;3;1969-01-01;1995-12-31;DE;100.00%;-999;DENSBORN;KYLL;513.44;67.42;309.72;689.92;45.85;3.35;50.79;1969;1995;450.04;965.34;668;0.72;479.32;488.35
9316138;4171050;5591650;117.03;7.38;50.37;242;242.3;0.13;5284;1331;9;1972-11-01;1995-12-31;DE;100.00%;-999;WERNERSECK;NETTE;419.02;122.17;122.77;720.97;39.51;6.16;54.33;1973;1995;242.39;744.44;729.17;0.61;234.56;510.16
9316139;4147850;5559550;124.66;7.08;50.07;176;177.1;0.64;5605;1099;9;1955-10-01;2007-04-30;DE;100.00%;-999;PELTZERHAUS;UESSBACH;411.77;69.15;129.28;631.87;44.85;3.57;51.58;1956;2006;321.74;810.07;721.24;0.48;296.18;514.27
9316142;4127250;5547650;170.94;6.81;49.95;187;189.6;1.37;5724;893;3;1972-11-01;1995-12-31;DE;100.00%;-999;DREIS;SALM;386.31;90.49;189.72;631.60;58.75;2.96;38.28;1973;1995;331.58;856.37;734.42;0.73;338.1;515.23
9316146;4102050;5541650;206.68;6.46;49.88;266;265.1;0.33;5784;641;3;1956-11-01;2007-09-30;DE;99.97%;-999;ALSDORF-OBERECKEN;NIMS;412.73;90.89;205.40;628.58;27.62;3.72;68.67;1957;2006;335.98;900.44;719.93;0.68;392.61;508.46
9316150;4130750;5487250;212.37;6.91;49.41;207.2;206.7;0.22;6328;928;4;1958-11-01;1998-03-31;DE;100.00%;-999;LEBACH;THEEL;325.19;48.25;218.35;562.85;17.99;13.39;68.61;1959;1997;439.8;951.87;744.8;0.63;428.6;525.24
9316152;4121050;5483750;188.25;6.78;49.37;715.8;720.3;0.62;6363;831;4;1959-11-01;1998-03-31;DE;100.00%;-999;NALBACH;PRIMS;382.21;108.99;188.15;756.86;39.19;8.81;52.00;1960;1997;458.42;1023.28;736.06;0.82;487.01;535.39
9316154;4132550;5529450;216.35;6.9;49.79;126;126;0.04;5906;946;3;1972-11-01;1995-12-31;DE;100.00%;-999;DHRONTALSPERRE;KLEINE-DHRON;481.00;92.70;225.59;814.60;52.17;1.63;46.20;1973;1995;434.69;982.89;718.31;0.8;468.24;511.6
9316155;4136250;5533550;155.95;6.94;49.83;170;170.3;0.18;5865;983;3;1955-12-01;2007-09-30;DE;99.95%;-999;PAPIERMUHLE;DHRON;482.55;101.58;149.40;808.24;57.23;2.92;39.85;1956;2006;345.67;868.22;728.43;0.72;344.65;523.37
9316158;4162618.53;5565414.59;137.55;7.28;50.13;115;112.8;1.89;5546;1247;9;1973-11-01;1978-12-31;DE;96.77%;-999;KLOSTER-ENGELPORT;FLAUMBACH;377.06;72.20;158.01;524.71;47.62;1.78;50.59;1974;1978;1242.98;699.66;715.59;-0.1;192.84;484.72
9316160;4207350;5531650;105.9;7.93;49.85;167;166.7;0.17;5884;1694;9;1959-11-01;1995-12-31;DE;100.00%;-999;BOSENHEIM;APPELBACH;258.37;104.06;107.06;680.98;20.22;4.22;75.57;1960;1995;110.75;592.16;764.45;0.33;109.84;478.14
9316162;4199850;5524350;125.22;7.83;49.78;318;319.1;0.36;5957;1619;9;1955-11-01;2007-09-30;DE;99.19%;-999;ALTENBAMBERG;ALSENZ;304.58;58.85;129.73;565.76;31.28;4.42;64.30;1956;2006;170.28;670.55;760.2;0.64;163.57;507.21
9316163;4197950;5505450;205.38;7.82;49.61;171;172.2;0.7;6146;1600;10;1972-11-01;1995-12-31;DE;100.00%;-999;IMSWEILER;ALSENZ;316.63;46.89;204.99;565.76;37.95;6.46;55.59;1973;1995;186.3;727.3;750.03;0.64;207;514.73
9316166;4173348.37;5505616.03;182.66;7.48;49.6;588;600.9;2.2;6144;1354;10;1964-11-01;1995-12-31;DE;99.92%;-999;ESCHENAU;GLAN;319.68;76.76;184.16;607.19;34.43;9.37;56.20;1965;1995;320.32;862.74;769.35;0.69;324.79;534.88
9316170;4191750;5524750;133.73;7.72;49.78;2832;2839.6;0.27;5953;1538;9;1969-11-01;1995-12-31;DE;99.97%;-999;BOOS;NAHE;374.06;103.90;132.09;815.61;40.11;6.28;53.61;1970;1995;284.37;805.16;752.76;0.71;284.75;520.14
9316172;4218550;5508650;164.46;8.1;49.65;113;114.6;1.4;6114;1806;10;1972-11-01;1995-12-31;DE;100.00%;-999;ALBISHEIM;PFRIMM;294.17;85.08;162.06;685.78;29.13;4.81;66.06;1973;1995;151.41;659.31;746.39;0.69;159.79;495.53
9316175;4218950;5475550;144.54;8.13;49.36;311;312.3;0.42;6445;1810;10;1945-11-01;2007-09-30;DE;99.98%;-999;NEUSTADT-A.D.W;SPEYERBACH;372.04;79.29;138.38;658.52;95.16;2.81;2.02;1955;2006;224.16;782.54;761.97;-0.39;240.2;542.69
9316176;4212250;5460050;154.13;8.05;49.21;196;196.6;0.31;6600;1743;10;1972-11-01;1995-12-31;DE;100.00%;-999;SIEBELDINGEN;QUEICH;344.26;100.56;154.99;634.26;82.65;4.17;13.18;1973;1995;292.69;890.86;774.99;0.35;329.45;556.18
9316177;4222750;5451850;120.87;8.2;49.14;101;102.7;1.71;6682;1848;10;1959-11-01;2007-04-30;DE;99.95%;-999;HERXHEIM;KLINBACH;221.70;79.33;120.14;548.42;34.72;5.94;59.34;1960;2006;190.51;778.7;792.76;0.6;231.54;546.47
9316180;4378450;5800950;63.94;10.22;52.33;382;404.5;5.88;3191;3405;25;1964-11-01;1996-12-31;DE;100.00%;-999;PEINE;FUHSE;97.56;28.46;62.68;260.39;11.60;13.65;74.75;1965;1996;134.35;647.59;714.23;0.25;163.55;481.02
9316181;4400250;5767050;91.9;10.55;52.03;362;365.1;0.85;3530;3623;25;1950-11-01;2005-12-31;DE;100.00%;-999;SCHLADEN;OKER;395.57;211.37;92.93;1115.74;57.46;8.04;34.49;1955;2005;349.06;1006.35;640.04;-0.06;545.64;462.5
9316184;4368950;5729950;135.19;10.11;51.69;894;898.5;0.51;3901;3310;25;1954-11-01;1996-12-31;DE;100.00%;-999;BERKA;RHUME;314.55;162.51;133.59;925.47;40.46;5.73;53.81;1955;1996;405.94;880.29;679.58;0.83;387.53;494.02
9316185;4370750;5730350;133.47;10.13;51.7;211;204.2;3.21;3897;3328;25;1938-11-01;1996-12-31;DE;100.00%;-999;BERKA;SOSE;337.84;158.09;134.47;863.62;51.78;7.45;40.77;1955;1996;600.12;1018.97;656.25;0.75;528.43;492.76
9316186;4368050;5731450;128.41;10.09;51.71;1119;1117.5;0.14;3886;3301;25;1962-11-01;1996-12-31;DE;100.00%;-999;ELVESHAUSEN;RHUME;317.03;161.74;129.31;925.47;42.42;6.02;51.56;1963;1996;435.16;897.22;679.09;0.84;403.1;494.16
9316188;4355650;5714750;142.02;9.92;51.55;634;657.5;3.71;4053;3177;26;1958-11-01;1996-12-31;DE;100.00%;-999;GOTTINGEN;LEINE;295.64;80.30;144.24;514.98;25.47;7.92;66.62;1959;1996;258.76;717.08;723.67;0.7;227.2;493.3
9316189;4358650;5749150;100.46;9.94;51.86;2920;2911.7;0.28;3709;3207;25;1940-11-01;1996-12-31;DE;100.00%;-999;GREENE;LEINE;276.82;126.39;101.03;925.47;35.65;6.12;58.23;1955;1996;348.93;819.42;698.24;0.87;325.34;496.41
9316190;4371250;5757750;129.08;10.13;51.94;135;127.1;5.88;3623;3333;25;1961-11-01;1996-12-31;DE;100.00%;-999;GR.RHUDEN;NETTE;269.99;110.80;129.68;620.86;44.08;7.45;48.47;1962;1996;352.78;902.77;678.15;0.69;408;496.68
9316191;4379550;5725750;184.1;10.26;51.65;127;125.5;1.21;3943;3416;25;1950-11-01;2005-12-31;DE;100.00%;-999;HATTORF;SIEBER;484.33;180.61;184.87;925.47;80.12;3.52;16.35;1955;2005;614.68;1217.32;642.07;0.65;718.44;500.35
9316194;4387750;5765550;145.73;10.37;52.02;212;229.6;8.29;3545;3498;25;1950-11-01;2005-12-31;DE;100.00%;-999;HOHENRODE;INNERSTE;370.07;156.39;147.05;756.57;55.18;10.51;34.31;1955;2005;356.84;1027.26;654.4;0.24;546.04;483.03
9316195;4342650;5777350;82.89;9.7;52.11;137;136;0.75;3427;3047;25;1961-11-01;2005-12-31;DE;97.73%;-999;MEHLE;SAALE;197.52;78.08;82.46;475.76;34.31;6.50;59.19;1962;2005;311.72;837.28;711.28;0.7;327.33;511.18
9316197;4346250;5744250;130.27;9.77;51.81;148;147.8;0.14;3758;3083;25;1961-11-01;2005-12-31;DE;100.00%;-999;OLDENDORF;IILME;328.41;98.05;131.22;527.12;66.49;1.68;31.82;1962;2005;450.01;951.56;693.82;0.83;449.89;503.05
9316199;4355999.71;5699147.36;184.17;9.93;51.41;319;318.9;0.03;4209;3180;26;1963-11-01;1996-12-31;DE;100.00%;-999;RECKERSHAUSEN;LEINE;340.27;71.02;182.52;514.98;28.11;5.74;66.16;1964;1996;267.55;726.95;716.75;0.72;230.76;498.59
9316200;4376950;5716450;155.57;10.22;51.57;185;184.6;0.22;4036;3390;26;1961-11-01;2005-12-31;DE;100.00%;-999;ROLLSHAUSEN;HAHLE;255.70;69.16;155.35;525.79;20.83;7.23;71.93;1962;2005;205.64;698.04;707.57;0.65;210.49;489.08
9316204;4358689.64;5695732.69;-99;9.97;51.38;275;274.3;0.24;4243;3207;26;1959-11-01;1996-12-31;DE;100.00%;-999;Arenshausen;Leine;351.18;66.93;198.21;514.98;28.27;6.04;65.70;1960;1996;309.06;728.91;712.42;0.65;233.66;496.98
9316206;4241950;5663150;-99;8.29;51.05;181.5;166.4;8.33;4569;2040;17;1959-11-01;2007-10-31;DE;99.85%;-999;LUETTERZ;LUEDER;567.41;55.30;421.10;754.47;73.62;2.83;23.55;1960;2006;435.45;1255.15;693.18;0.46;720.43;531.11
9316208;4358950;5615250;336.32;10.01;50.66;182;183.6;0.9;5048;3210;27;1955-11-01;2007-10-31;DE;99.86%;-999;GUENTHERS;ULSTER;591.55;121.05;336.03;940.52;34.22;2.85;62.93;1956;2006;484.9;948.84;652.06;0.63;475.64;475.11
9316210;4332950;5609550;235.69;9.64;50.6;561;562.9;0.34;5105;2950;18;1953-11-01;1995-12-31;DE;100.00%;-999;KAEMMERZELL;FULDA;426.55;130.82;236.81;950.32;35.96;8.34;55.70;1955;1995;376.64;871.33;692.89;0.71;378.36;494.53
9316211;4339950;5654550;184.59;9.72;51.01;2523;2527.1;0.16;4655;3020;26;1953-11-01;2007-10-31;DE;99.86%;-999;ROTENBURG;FULDA;375.74;102.21;183.27;950.32;41.01;5.10;53.89;1955;2006;82.56;797.02;722.43;-5.42;288.26;510.69
9316212;4340250;5632850;212.35;9.74;50.81;421.8;421.9;0.02;4872;3023;26;1958-11-01;1984-10-31;DE;100.00%;-999;HERMANNSPIEGEL;HAUNE;379.09;86.39;211.41;830.92;33.65;4.11;62.24;1959;1983;251.14;739.91;698.79;0.62;249.95;494.07
9316213;4283650;5673850;247.81;8.9;51.16;1202;1206.6;0.38;4462;2457;17;1976-11-01;1979-10-31;DE;100.00%;-999;SCHMITTLOTHEIM;EDER;476.91;110.51;247.31;838.85;55.91;3.80;40.28;1977;1978;466.83;924.26;631.65;0.59;391.27;477.91
9316214;4275050;5667550;283.78;8.79;51.1;139;141;1.45;4525;2371;17;1955-11-01;1994-01-31;DE;99.79%;-999;SCHREUFA;NUHNE;494.91;118.65;283.34;838.85;53.03;4.86;42.11;1956;1993;553.87;991.05;637.71;0.58;514.09;475.03
9316215;4308950;5639450;221.03;9.29;50.86;250;251.6;0.63;4806;2710;17;1959-11-01;2007-10-31;DE;99.85%;-999;ROELLSHAUSEN;SCHWALM;341.67;66.73;218.69;577.79;37.93;4.28;57.78;1960;2006;235.13;736.44;720.81;0.64;232.88;502.26
9316216;4312850;5662750;167.59;9.33;51.07;986.1;987.6;0.15;4573;2749;17;1957-11-01;2007-10-31;DE;99.85%;-999;UTTERSHAUSEN;SCHWALM;318.10;81.11;167.16;675.08;37.22;4.62;58.16;1958;2006;218.87;709.35;713.91;0.72;213.43;497.83
9316218;4373950;5666950;168;10.2;51.13;4302;4298.1;0.09;4531;3360;26;1976-11-01;1979-10-31;DE;100.00%;-999;HELDRA;WERRA;417.09;134.60;171.82;982.04;42.37;6.06;51.58;1977;1978;237.78;764.82;649.75;0.89;225.35;473.03
9316220;4286150;5711150;223.92;8.92;51.5;363;364.8;0.5;4089;2482;17;1974-11-01;1994-05-31;DE;98.71%;-999;WESTHEIM;DIEMEL;470.04;124.49;221.76;843.00;44.73;4.71;50.57;1975;1993;447.26;936.08;658.23;0.84;455.52;479.34
9316221;4314750;5733750;107.55;9.32;51.71;432;431.6;0.08;3863;2768;16;1978-11-01;1981-10-31;DE;100.00%;-999;OTTBERGEN;NETHE;236.11;54.00;104.52;436.21;33.10;4.04;62.86;1979;1980;394.36;866.64;663.48;0.73;374.94;500.49
9316222;4333850;5724150;118.8;9.6;51.63;282;282.1;0.03;3959;2959;16;1966-11-01;1996-12-31;DE;100.00%;-999;VERNAWAHISHAUSEN;SCHWULME;281.58;80.73;117.89;509.04;46.18;4.36;49.46;1967;1996;385.9;851.49;711.12;0.76;342.23;512.97
9316224;4272650;5699350;-99;8.73;51.39;103;106.5;3.4;4207;2347;17;1940-11-01;1985-10-31;DE;100.00%;-999;HELMINGHAUSEN;DIEMEL;555.21;104.52;338.26;841.72;47.99;1.79;50.22;1955;1984;647.85;1040.51;640.01;0.18;562.79;478.7
9316227;4403450;5595650;-99;10.63;50.49;271;270.7;0.1;5244;3655;27;1939-11-01;1992-12-31;DE;98.12%;-999;GRIMMELHAUSEN;WERRA;481.21;97.61;335.46;864.23;44.33;4.30;51.36;1955;1992;344.1;848.79;698.93;0.77;356.67;511.4
9316228;4387650;5605950;-99;10.41;50.58;1170;1169.5;0.05;5141;3497;27;1918-11-01;2006-10-31;DE;98.86%;-999;MEININGEN;WERRA;502.14;127.07;283.86;982.04;54.44;5.96;39.60;1955;2005;398.75;882.24;679.34;0.85;397.25;498.76
9316229;4409150;5596450;-99;10.72;50.5;256;258.1;0.84;5236;3712;27;1950-11-01;1989-10-31;DE;100.00%;-999;RAPPELDORF;SCHLEUSE;590.81;122.73;355.08;942.86;70.76;4.78;24.46;1955;1988;567.18;981.42;667.52;0.68;475.14;506.13
9316231;4391554.76;5601457.24;-99;10.47;50.54;321;322.3;0.4;5186;3536;27;1935-11-01;2006-10-31;DE;100.00%;-999;ELLINGSHAUSEN;HASEL;541.81;135.67;304.40;982.04;61.10;9.66;29.24;1955;2005;457.78;939.95;655.77;0.78;454.51;493.32
9316235;4364850;5633250;-99;10.08;50.82;214;213.3;0.3;4868;3269;26;1935-11-01;2006-10-31;DE;98.59%;-999;DORNDORF-2;FELDA;482.81;108.05;238.54;804.81;36.71;3.27;60.02;1955;2005;344.73;813.15;692.44;0.78;329.98;492.37
9316236;4357950;5633450;-99;9.98;50.82;399;415.5;4.13;4866;3200;26;1940-11-01;1998-12-31;DE;98.28%;-999;UNTERBREIZBACH-RAESA;ULSTER;476.47;146.80;231.65;940.52;31.42;2.57;66.01;1955;1998;395.62;850.27;678.85;0.64;367.41;483.22
9316238;4383950;5649550;-99;10.34;50.97;305.2;328.9;7.78;4705;3460;26;1939-11-01;2006-10-31;DE;98.51%;-999;EISENACH-PETERSBERG;HORSEL;408.64;116.15;222.04;916.32;44.34;9.31;46.35;1955;2005;288.83;812.84;663.48;0.66;344.31;475.13
9316239;4384150;5650750;-99;10.35;50.98;426.1;399.9;6.15;4693;3462;26;1939-11-01;1998-12-31;DE;94.93%;-999;EISENACH-NESSEMUHLE;NESSE;310.35;40.41;218.96;493.68;8.04;8.21;83.75;1955;1998;243.93;636.32;696.17;0.47;175.05;478.71
9316240;4305750;5758750;113.63;9.17;51.93;352;353.3;0.36;3613;2678;16;1973-11-01;1982-04-30;DE;100.00%;-999;SCHIEDER;EMMER;209.44;59.13;117.00;479.24;24.13;5.72;70.15;1974;1981;471.83;936.73;689.43;0.64;417.75;505.37
9316241;4280550;5765350;103.69;8.8;51.98;128;126.9;0.84;3547;2426;16;1951-03-01;1986-02-28;DE;99.76%;-999;EHRENTRUP;WERRE;204.53;63.08;103.29;417.68;29.29;22.86;47.85;1955;1985;620.14;943.32;698.99;0.5;444.87;502.06
9316242;4272250;5783550;59.66;8.67;52.14;874;885.6;1.32;3365;2343;16;1978-11-01;1981-10-31;DE;100.00%;-999;HERFORD;WERRE;152.55;59.04;59.70;417.68;14.22;19.33;66.45;1979;1980;444.51;903.5;668.85;0.48;407.47;499.84
9316243;4265950;5808350;47.6;8.56;52.36;100;91.8;8.22;3117;2280;16;1970-11-01;1993-12-31;DE;88.49%;-999;FIESTEL;GROSSE-AUE;91.90;55.33;48.08;312.88;18.75;10.53;70.72;1971;1993;392.27;712.85;711.05;-0.06;236.78;483.31
9316246;4257150;5841250;33.19;8.41;52.65;764;761.7;0.3;2788;2192;15;1964-11-01;1996-12-31;DE;100.00%;-999;HOOPEN;HUNTE;55.48;29.31;34.40;259.61;11.48;4.63;83.89;1965;1996;262.37;742.8;708.53;0.86;250.31;492.21
9316249;4300850;5783850;66.36;9.09;52.15;102;98.6;3.29;3362;2629;16;1960-11-01;1996-12-31;DE;100.00%;-999;UCHTDORF;EXTER;218.78;62.02;76.06;381.57;19.02;4.77;76.21;1961;1996;445.34;889.16;706.49;0.53;385.33;504.62
9316252;4218350;5767850;48.77;7.9;51.98;1499;1610.1;7.41;3522;1804;7;1978-11-01;1981-10-31;DE;100.00%;-999;EINEN;EMS;95.77;40.64;48.61;382.57;13.74;10.99;75.27;1979;1980;310.84;808.58;688.26;0.72;301.65;514.88
9316253;4188750;5804850;31.68;7.44;52.29;3696;3719.1;0.62;3152;1508;7;1977-11-01;1980-10-31;DE;100.00%;-999;RHEINE;EMS;76.49;34.66;31.97;382.57;10.70;9.92;79.38;1978;1979;315.52;791.32;675.24;0.53;265.52;498.76
9316260;4225750;5832750;31.6;7.95;52.56;945;1010.3;6.91;2873;1878;6;1961-11-01;2005-12-31;DE;100.00%;-999;BERSENBRUCK;HASE;85.89;38.25;32.14;325.33;18.87;10.32;70.81;1962;2005;301.56;815.77;710.33;0.79;318.8;499.06
9316261;4186050;5850650;12.11;7.35;52.7;2968;3070.7;3.46;2694;1481;6;1956-11-01;1997-12-31;DE;100.00%;-999;BOKELOH;HASE;51.15;35.12;13.83;325.33;13.62;5.88;80.50;1957;1997;296.74;775.76;702.77;0.83;285.18;492.13
9316264;4229050;5802950;55.82;8;52.31;323;297.9;7.76;3171;1911;7;1950-11-01;2005-12-31;DE;100.00%;-999;EVERSBURG;HASE;107.96;33.01;60.67;291.47;18.67;12.46;68.86;1955;2005;379.33;823.81;707.46;0.66;334.35;492.07
9316265;4202550;5847950;18.2;7.6;52.68;2218;2301.4;3.76;2721;1646;6;1959-04-01;1997-12-31;DE;100.00%;-999;HERZLAKE;HASE;58.29;37.35;19.66;325.33;13.42;7.07;79.51;1960;1997;297.5;781.37;701.58;0.83;285.84;492.46
9316266;4185950;5818950;24.7;7.38;52.41;371;407.9;9.96;3011;1480;7;1956-11-01;2005-12-31;DE;100.00%;-999;ESSELTE;SPELLER-AA-H;62.10;32.88;25.24;200.49;10.45;10.11;79.44;1957;2005;262.33;789.06;712.94;0.67;297.27;492.97
9316268;4188650;5820750;25.81;7.42;52.43;476;467.8;1.72;2993;1507;6;1960-11-01;1997-12-31;DE;100.00%;-999;PLANTLUNNE;GROSSE-AA;47.33;16.78;27.50;139.43;8.37;2.15;89.48;1961;1997;371.96;774.47;705.18;0.59;274.06;500.72
9316270;4230421.96;5849219.19;23.15;8.01;52.71;515;548.1;6.43;2708;1925;6;1962-11-01;1997-12-31;DE;100.00%;-999;UPTIOH;LAGER-HASE;39.72;16.06;23.64;138.88;8.38;6.34;85.28;1963;1997;261.74;733.66;702.17;0.68;244.12;490.47
9316271;4223933.53;5806080.81;54.05;7.95;52.32;229;229.8;0.35;3140;1860;7;1957-11-01;2005-12-31;DE;100.00%;-999;WERSEN;DUTE;106.48;39.64;55.02;325.33;21.02;11.81;67.16;1958;2005;345.9;847.64;708.14;0.71;351.82;498.74
9316273;4178550;5855250;9.97;7.24;52.73;8469;8379.4;1.06;2648;1406;6;1941-01-01;1992-12-31;DE;100.00%;-999;VERSEN-WEHRDURCHSTICH;EMS;60.70;36.19;10.66;382.57;12.71;7.87;79.42;1955;1992;301.58;770.72;704.82;0.79;275.48;496.53
9316277;4138250;5756550;32.6;6.75;51.83;246;255.4;3.83;3635;1003;1;1976-11-01;1979-10-31;DE;100.00%;-999;RHEDEBRUGGE;BOCHOLTER-AA;57.98;11.76;32.29;132.99;11.26;7.26;81.48;1977;1978;245.88;742.78;687.02;0.44;183.35;495.74
9316283;4182150;5785150;61.51;7.36;52.11;115.8;115.4;0.35;3349;1442;7;1970-11-01;1994-01-31;DE;99.63%;-999;TEMMINGSMUEHLE;STEINFURTER-AA;87.34;23.36;62.11;172.67;5.53;4.09;90.38;1971;1993;325.13;786.11;714.29;0.5;289.25;492.84
9316284;4157550;5836050;15.44;6.97;52.56;708;771.2;8.92;2840;1196;6;1940-11-01;1997-12-31;DE;100.00%;-999;NEUENHAUS-WEHR;VECHTE;54.59;28.17;14.24;172.67;8.80;6.51;84.69;1955;1997;310.17;788.9;708.18;0.71;299.68;490.69
9316288;4274250;5739650;105.05;8.73;51.75;101.8;106.6;4.75;3804;2363;16;1974-04-01;1994-04-30;DE;99.58%;-999;NEUHAUS-1;LIPPE;257.22;88.08;103.06;438.63;43.24;8.58;48.18;1975;1993;520.46;1023.27;699.22;0.85;509.17;513.91
9316289;4267327.74;5740313.98;92.33;8.63;51.75;1018;1052.3;3.37;3797;2294;16;1976-11-01;1979-10-31;DE;100.00%;-999;BENTFELD;LIPPE;289.07;96.81;92.04;616.76;35.66;7.79;56.55;1977;1978;314.88;859.81;652.03;0.73;311.65;483.02
9316290;4229550;5732650;67.86;8.09;51.67;2005;2034.2;1.45;3874;1916;7;1976-11-01;1979-10-31;DE;100.00%;-999;KESSELER-3;LIPPE;211.26;115.94;67.21;616.76;22.35;7.97;69.68;1977;1978;322.28;824.57;662.96;0.74;275.76;484.3
9316291;4167850;5744050;34.78;7.19;51.73;4249;4299.7;1.19;3760;1299;7;1976-11-01;1979-10-31;DE;100.00%;-999;HALTERN;LIPPE;142.08;106.14;37.04;616.76;16.08;10.86;73.06;1977;1978;226.54;790.68;673.63;0.67;237.92;487.32
9316293;4259550;5717950;220.79;8.53;51.55;143;145;1.38;4021;2216;17;1973-11-01;1994-04-30;DE;100.00%;-999;WEINE;ALME;381.99;65.02;220.96;616.76;41.13;2.94;55.93;1974;1993;409.03;941.43;671.72;0.7;449.11;485.91
9316297;4213950;5734050;61.08;7.87;51.67;416;418.1;0.51;3860;1760;7;1976-11-01;1979-10-31;DE;100.00%;-999;WESTTUNNEN;AHSE;112.82;50.34;61.36;296.39;2.71;8.52;88.77;1977;1978;272.46;752.17;681.45;0.42;214.81;473.12
9316298;4173072.74;5750024.15;43.54;7.26;51.79;236.4;241;1.95;3700;1351;7;1957-02-01;1994-01-31;DE;100.00%;-999;SYTHEN-1;HALTERNER-MUEHLENBACH;67.92;14.69;44.63;145.55;20.91;6.44;72.64;1958;1993;317.37;827.19;724.9;0.64;302.93;521.83
9316302;4241150;5697050;265.3;8.31;51.35;425;427.4;0.56;4230;2032;17;1976-11-01;1979-10-31;DE;100.00%;-999;MESCHEDE;RUHR;515.00;119.15;258.88;839.73;57.62;5.17;37.21;1977;1978;558.93;1073.89;603.4;0.73;562.13;466.83
9316303;4194150;5709950;105.83;7.6;51.44;1988;2025.4;1.88;4101;1562;8;1975-11-01;1977-10-31;DE;100.00%;-999;VILLIGST;RUHR;368.77;134.40;106.07;839.73;50.87;8.69;40.44;1976;1976;266.64;803.6;766.81;0.87;344.23;501.85
9316304;4162850;5708250;64.69;7.16;51.41;4078;4139.4;1.51;4118;1249;8;1977-10-01;1980-10-31;DE;97.07%;-999;HATTINGEN;RHUR;359.02;136.03;61.33;839.73;50.09;11.43;38.48;1978;1979;533.52;1065.22;652.03;0.82;546.22;503.52
9316310;4226950;5671150;283.53;8.1;51.11;186;187.2;0.66;4489;1890;8;1951-11-01;1994-04-30;DE;97.64%;-999;KICKENBACH;LENNE;541.02;109.33;282.77;839.40;71.72;3.83;24.45;1955;1993;695.08;1203.15;654.14;0.68;700.49;501.29
9316311;4198739.3;5692634.52;160.11;7.68;51.29;1184;1162.9;1.78;4274;1608;8;1976-11-01;1979-10-31;DE;100.00%;-999;ALTENA;LENNE;427.34;101.07;166.15;839.40;60.40;7.31;32.29;1977;1978;543.54;1157.78;657.69;0.71;568.48;516.5
9316315;4187850;5697850;140.74;7.52;51.33;194;199.7;2.95;4222;1499;8;1970-11-01;1994-01-31;DE;100.00%;-999;HAGEN-ANBROCK;VOLME;361.92;67.94;135.54;599.98;50.71;11.64;37.65;1971;1993;739.48;1243.61;661.93;0.64;737.85;501.58
9316316;4181033.18;5700404.92;123.05;7.42;51.35;154;156.8;1.8;4196;1431;8;1971-01-01;1994-01-31;DE;100.00%;-999;HAGEN-HASPE;ENNEPE;305.14;75.68;123.02;440.27;30.21;16.70;53.08;1971;1993;665.91;1170.06;692.46;0.65;654.04;512.33
9316318;4220750;5647950;252.32;8.03;50.9;132;133.1;0.8;4721;1828;8;1977-11-01;1980-10-31;DE;100.00%;-999;WEIDENAU;SIEG;425.85;85.53;258.34;672.87;68.76;8.73;22.51;1978;1979;539.11;1097.51;689.73;0.65;550.94;534.6
9316319;4190450;5638450;126.39;7.61;50.8;1326;1329.6;0.27;4816;1525;8;1976-11-01;1979-10-31;DE;100.00%;-999;ROSBACH;SIEG;368.91;101.24;124.67;672.87;55.47;13.18;31.35;1977;1978;573.72;1047.82;674.66;0.56;459.4;513.18
9316320;4178494.46;5636955.35;83.53;7.44;50.78;1472;1475.4;0.23;4831;1405;8;1972-10-01;1975-10-31;DE;97.60%;-999;EITORF;SIEG;354.17;108.21;83.50;672.87;55.44;12.67;31.89;1973;1974;607.91;1138.92;727.41;0.73;510.21;532.12
9316321;4158907.93;5640435.22;52.03;7.16;50.8;2832;2826.5;0.19;4796;1210;8;1976-11-01;1979-10-31;DE;100.00%;-999;MENDEN-1;SIEG;296.45;115.06;52.65;672.87;46.04;11.99;41.97;1977;1978;507.68;1046.69;685.44;0.67;449.95;521.53
9316325;4170150;5638350;71.75;7.32;50.79;215;216;0.45;4817;1322;8;1970-10-01;1994-02-28;DE;100.00%;-999;BROEL;BROEL;238.01;52.45;72.71;396.12;30.46;7.48;62.06;1971;1993;678.06;1064.6;724.8;0.6;533.02;530.59
9316327;4162550;5645650;58.61;7.2;50.85;788;788.2;0.03;4744;1246;8;1976-11-01;1979-10-31;DE;100.00%;-999;LOHMAR;AGGER;258.96;86.31;61.68;516.81;41.15;11.08;47.77;1977;1978;579.3;1155.1;690.29;0.73;544.04;535.94
9316330;4162350;5691450;161.18;7.16;51.26;338;337.2;0.24;4286;1244;8;1951-10-01;1986-06-30;DE;100.00%;-999;WUPPERTAL-ELBERFELD;WUPPER;316.30;58.11;149.26;482.19;27.52;17.18;55.30;1955;1985;721.46;1285.23;689.86;0.72;766.89;519.25
9316337;4177350;5606050;86.62;7.45;50.51;697;684.2;1.84;5140;1394;9;1955-11-01;1995-12-31;DE;98.76%;-999;FRIEDRICHSTHAL;WIED;289.10;64.47;88.10;511.99;41.37;6.01;52.62;1956;1995;385.28;936.34;728.05;0.7;403.3;532.93
9316342;4256003.39;5647232.29;268.94;8.53;50.91;304.2;304.3;0.04;4728;2181;17;1950-11-01;2007-10-31;DE;99.87%;-999;BIEDENKOPF;LAHN;470.04;83.32;270.40;693.67;60.65;6.90;32.45;1955;2006;566.49;1056.93;726.39;0.61;520.32;537.73
9316343;4268250;5623550;166.38;8.72;50.69;1667;1829.7;9.76;4965;2303;17;1955-11-01;1995-12-31;DE;100.00%;-999;MARBURG;LAHN;334.90;100.57;167.02;742.96;44.19;5.58;50.23;1956;1995;290.1;819.16;730.97;0.73;303.03;516.65
9316344;4241350;5608150;140.55;8.35;50.55;3594;3583.9;0.28;5119;2034;18;1975-11-01;1978-10-31;DE;99.91%;-999;LEUN;LAHN;322.07;102.94;139.21;742.96;44.17;8.01;47.82;1976;1977;201.97;698.35;757.11;0.72;179.59;475.38
9316345;4252050;5648550;292.82;8.47;50.92;113.4;113.5;0.06;4715;2141;17;1965-11-01;1992-11-30;DE;99.71%;-999;BREIDENSTEIN;PERF;443.04;65.60;291.45;618.26;45.64;9.27;45.09;1966;1991;468.28;986.72;739.31;0.6;455.01;536.76
9316348;4265650;5611250;156.2;8.69;50.59;100;99.8;0.23;5088;2277;18;1952-11-01;1983-10-31;DE;100.00%;-999;GEISSEN;WIESBECK;245.74;44.94;158.69;343.50;27.76;13.74;58.50;1955;1982;183.49;704.47;741.67;0.48;191.73;510.28
9316350;4249350;5611950;155.11;8.46;50.58;692.2;688.7;0.51;5081;2114;18;1962-11-01;1995-12-31;DE;100.00%;-999;ASSLAR;DILL;383.73;105.09;158.15;674.44;53.01;8.91;38.09;1963;1995;430.07;937.81;746.5;0.71;402.13;537.73
9316352;4219250;5574450;183.19;8.06;50.24;143.7;145.2;1.01;5456;1813;9;1960-11-01;2007-10-31;DE;99.84%;-999;MICHELBACH;AAR;388.40;66.38;182.89;616.31;55.85;6.86;37.29;1961;2006;257.7;755.26;730.83;0.61;245.18;512.98
9316354;4200750;5580250;172.84;7.8;50.28;145;151.2;4.3;5398;1628;9;1972-11-01;1995-12-31;DE;100.00%;-999;SCHULEMUHLE;MUHLBACH;338.72;66.65;158.90;537.36;36.30;2.41;61.29;1973;1995;214.67;741.99;740.32;0.65;226.52;512.72
9316355;4339350;5389850;-99;9.834;48.6268;137.6;145.5;5.73;7302;3014;29;1953-11-01;2007-10-31;DE;99.84%;-999;GEISLINGEN-(BRUECKE);FILS;673.23;99.95;413.50;864.28;43.75;5.54;50.71;1955;2006;557.72;1059.09;710.94;0.66;552.38;537.1
9316356;4294150;5450750;-99;9.18;49.16;109.1;116.2;6.54;6693;2562;19;1950-11-01;1984-06-30;DE;100.00%;-999;TAEFERROT;LEIN;228.22;33.06;160.19;349.79;25.46;9.01;65.53;1955;1983;477.5;766.44;792.16;0.15;221.54;545.69
9316359;4334350;5396650;358.43;9.75;48.69;356;351.2;1.34;7234;2964;20;1943-11-01;1996-10-31;DE;100.00%;-999;SUESSEN;FILS;625.65;112.05;352.96;864.28;37.40;7.33;55.28;1955;1995;529.53;1031.55;702.35;0.74;521.76;532.59
9316361;4271850;5401550;-99;8.89;48.72;127;135.9;7.05;7185;2339;20;1941-11-01;1995-12-31;DE;93.55%;-999;ENZWEIHINGEN;STRUDELBACH;501.08;37.77;403.31;599.99;31.33;9.61;59.05;1955;1995;140.28;774.04;784.57;-2.11;211.31;562.95
9316367;4317750;5410950;246.63;9.52;48.81;418;416.4;0.38;7091;2798;20;1931-11-01;1996-12-31;DE;93.76%;-999;SCHORNDORF;REMS;422.56;97.30;246.12;779.53;41.05;12.23;46.72;1955;1996;374.97;991.51;771.82;0.26;425.69;571.44
9316378;4258450;5383250;408.49;8.73;48.54;144.5;148.8;3;7368;2205;20;1930-11-01;1982-10-31;DE;99.33%;-999;ISELHAUSEN;WALDACH;588.42;57.45;406.55;731.94;38.66;6.01;55.33;1955;1981;302.44;960.44;742.12;0.72;426.19;551.27
9316380;4244750;5338950;-99;8.57;48.14;218.2;205.8;5.69;7811;2068;20;1929-11-01;2007-10-31;DE;99.90%;-999;HOEFEN;ENZ;711.98;46.40;600.51;895.41;33.73;5.88;60.38;1955;2006;705.2;1045.17;755.96;0.56;512;562.05
9316383;4334750;5429950;334.86;9.74;48.99;125.9;124.5;1.1;6901;2968;19;1926-11-01;2007-10-31;DE;99.43%;-999;MITTELROT;FICHTENBERGER-ROT;457.46;45.25;335.39;583.72;54.38;3.95;41.67;1955;2006;455.82;1016.66;771.24;0.54;451.34;565.86
9316389;4361150;5434150;-99;10.1;49.03;329.2;326.5;0.83;6859;3232;28;1929-11-01;1996-10-31;DE;99.76%;-999;JAGSTZELL;JAGST;496.28;37.22;417.04;719.27;36.74;4.84;58.42;1955;1995;267.4;848.31;771.35;0.6;295.77;555.53
9316392;4346550;5456450;304.35;9.9;49.23;816.3;819.7;0.42;6636;3086;28;1965-11-01;1985-10-31;DE;100.00%;-999;ELPERSHOFEN;JAGST;465.58;42.39;303.17;719.27;27.71;4.93;67.36;1966;1984;334.17;835.88;762.77;0.53;300.57;541.11
9316393;4284550;5426550;197.72;9.06;48.94;192.1;194.8;1.42;6935;2466;19;1979-11-01;1996-10-31;DE;100.00%;-999;TALHAUSEN;GLEMS;372.66;63.26;195.06;542.60;27.08;18.91;54.01;1980;1995;161.43;762.7;768.82;-0.91;217.58;543.92
9316394;4248495.92;5338978.41;570.35;8.62;48.14;207.6;219.6;5.77;7811;2105;20;1980-01-01;1980-12-31;DE;100.00%;-999;BUEHLINGEN;ESCHACH;708.94;47.29;570.61;895.41;34.65;5.52;59.83;1980;1980;322.44;1073.76;691.22;0.47;587.14;529.25
9316405;4281950;5559550;104.74;8.95;50.13;921;931;1.09;5605;2440;18;1956-11-01;2007-10-31;DE;99.86%;-999;HANAU;KINZIG;296.80;112.24;104.59;690.04;45.62;6.79;47.59;1957;2006;340.06;908.9;747.53;0.83;376.03;534.37
9316407;4271950;5576950;117.16;8.8;50.28;1072;1075.4;0.32;5431;2340;18;1957-11-01;1995-12-31;DE;100.00%;-999;ILBENSTADT;NIDDA;228.55;97.10;116.90;769.18;31.71;7.91;60.38;1958;1995;184.56;727.13;730.89;0.75;219.13;507.59
9316408;4270750;5582150;127.45;8.78;50.33;183;184.4;0.77;5379;2328;18;1961-11-01;2007-10-31;DE;99.84%;-999;FRIEDBERG;USA;295.45;86.30;125.99;572.71;42.42;10.67;46.91;1962;2006;195.13;720.29;721.43;0.62;223.42;499.17
9316410;4277350;5570550;113.3;8.88;50.23;392.6;379.8;3.26;5495;2394;18;1955-11-01;2007-10-31;DE;99.86%;-999;WINDECKEN;NIDDER;268.85;123.51;116.32;758.03;37.40;5.71;56.89;1956;2006;295.9;842.47;734.83;0.78;317.12;525.62
9316412;4242707.08;5562058.46;186.27;8.4;50.14;108;110.2;2;5580;2048;18;1955-11-01;1995-12-31;DE;97.51%;-999;EPPSTEIN;SCHWARZBACH;374.43;90.13;179.21;769.08;64.09;8.93;26.98;1956;1995;259.21;800.51;683.44;0.71;299.61;500.76
9316414;4339450;5545650;169.38;9.76;50.03;597;597.9;0.14;5744;3015;27;1975-01-01;1995-12-31;DE;100.00%;-999;SACHSENHEIM;WERN;279.77;40.31;162.72;419.90;22.67;4.57;72.76;1975;1995;140.73;667.51;791.01;0.52;165.45;507.73
9316415;4338150;5552750;159.09;9.74;50.09;2131;2126.2;0.22;5673;3002;18;1976-01-01;1978-12-31;DE;99.91%;-999;WOLFSMUENSTER;FRAENKISCHE-SAALE;367.88;115.85;160.57;927.74;39.83;3.64;56.53;1976;1978;179.27;664.46;737.03;-0.34;168.58;473.22
9316418;4330150;5565350;196.17;9.62;50.2;457;471.1;3.07;5547;2922;18;1950-11-01;2007-09-30;DE;99.99%;-999;MITTELSINN;SINN;446.88;123.59;195.71;927.81;65.61;2.91;31.49;1955;2006;400.12;959.57;728.57;0.87;427.73;535.24
9316419;4323550;5546450;174.54;9.54;50.03;220;214.4;2.53;5736;2856;18;1953-11-01;2007-09-30;DE;99.99%;-999;PARTENSTEIN;LOHR;387.66;76.66;176.92;564.79;75.67;2.61;21.72;1955;2006;453.93;1035.43;774.33;0.86;467.71;568.51
9316420;4299850;5525050;144.57;9.22;49.83;142;145.2;2.27;5950;2619;18;1950-11-01;2007-09-30;DE;99.99%;-999;RUECK;ELSAVA;347.99;85.15;147.42;571.38;72.70;3.54;23.76;1955;2006;272.56;890.11;768.76;0.72;332.42;559.14
9316421;4439350;5558950;267.2;11.15;50.17;2424;2422.5;0.06;5611;4014;36;1960-01-01;1990-11-30;DE;99.81%;-999;SCHWUERBITZ;MAIN;480.75;123.99;267.54;1044.32;43.58;5.07;51.35;1960;1989;397.59;886.88;709.83;0.78;371.26;514.11
9316426;4469150;5534950;332.6;11.57;49.95;333;333;0.01;5851;4312;36;1924-11-01;2007-09-30;DE;97.58%;-999;BAYREUTH;ROTER-MAIN;486.42;110.14;333.62;1016.51;36.43;7.53;56.04;1955;2006;300.48;856.57;725.04;0.61;344.69;513.74
9316430;4445050;5560550;278.58;11.23;50.19;713;715.2;0.31;5595;4071;36;1976-01-01;1978-12-31;DE;99.91%;-999;UNTERLANGENSTADT;RODACH;521.18;110.50;280.09;793.59;59.33;3.69;36.98;1976;1978;400.91;866.83;696.89;-0.23;330.73;496.95
9316433;4443550;5566150;288.39;11.21;50.23;255;256.9;0.76;5539;4056;36;1953-11-01;1983-10-31;DE;100.00%;-999;HORB;STEINACH;492.97;164.32;288.59;865.53;50.44;5.99;43.57;1955;1982;449.21;900.09;676.52;0.7;397.65;504.69
9316434;4425950;5569750;282.13;10.96;50.26;365;361.7;0.91;5503;3880;27;1925-11-01;1984-10-31;DE;91.53%;-999;COBURG-GUETERBAHNHOF;ITZ;452.35;132.69;290.34;864.63;43.72;8.38;47.90;1955;1983;435.82;853.74;699.45;0.71;361.18;507.65
9316436;4416550;5542050;242.11;10.85;50.01;383;365.9;4.46;5780;3786;27;1929-11-01;2007-09-30;DE;98.71%;-999;LEUCHERHOF;BAUNACH;344.90;47.89;243.23;509.21;49.51;1.93;48.56;1955;2006;197.92;700.88;781.28;0.55;165.47;535.35
9316437;4424050;5523050;241.84;10.94;49.84;7005;7020.9;0.23;5970;3861;27;1976-01-01;1978-12-31;DE;99.91%;-999;PETTSTADT;REGNITZ;397.57;74.82;240.64;643.14;37.69;7.26;55.05;1976;1978;182.88;727;774.13;-1.22;185.58;509.43
9316438;4426759.17;5478491.81;290.22;10.99;49.44;1845;1841.9;0.17;6416;3888;28;1960-01-01;1995-12-31;DE;100.00%;-999;NEUMUEHLE;REDNITZ;416.89;55.57;290.38;635.74;38.91;9.00;52.09;1960;1995;194.56;729.26;777.38;0.66;188.5;538.21
9316439;4454976.1;5470401.89;373.99;11.38;49.37;209;207.1;0.91;6496;4170;37;1920-11-01;1995-12-31;DE;97.34%;-999;RASCH;SCHWARZACH;488.00;60.82;377.68;620.81;33.74;9.19;57.07;1955;1995;316.9;882.46;766.21;0.69;331.92;550.19
9316440;4431850;5480350;293.03;11.06;49.46;1192;1161.8;2.53;6397;3939;28;1976-01-01;1978-12-31;DE;99.91%;-999;NURNBERG;PEGNITZ;452.48;73.41;293.06;643.14;52.31;6.12;41.57;1976;1978;254.11;841.58;761.69;-4.05;292.85;515.97
9316441;4429050;5496750;272.99;11.02;49.61;185;192;3.77;6233;3911;28;1935-11-01;1983-10-31;DE;95.84%;-999;ERLANGEN;SCHWABACH;378.54;69.07;271.30;549.07;25.67;9.93;64.40;1955;1982;244.22;787.71;781.52;0.65;246.35;540.89
9316444;4422950;5510650;259.31;10.93;49.73;954;945.8;0.86;6094;3850;28;1976-01-01;1978-12-31;DE;99.91%;-999;LAUFERMUHLE;AISCH;337.36;39.59;256.68;520.14;32.37;3.57;64.07;1976;1978;113.14;649.97;778.97;-0.09;110.7;504.21
9316445;4420050;5517850;256.92;10.89;49.8;269;267.4;0.61;6022;3821;28;1913-11-01;1983-05-31;DE;91.26%;-999;HERRNSDORF;REICHE-EBRACH;341.75;46.78;256.62;478.51;35.17;2.46;62.37;1955;1982;183.45;713.23;780.12;0.6;176.41;536.56
9316447;4339150;5486650;199.68;9.78;49.5;1013;963.9;4.85;6334;3012;28;1929-11-01;1996-10-31;DE;99.68%;-999;BAD-MERGENTHEIM;TAUBER;380.77;60.90;201.87;545.97;18.34;2.80;78.86;1955;1995;201.14;708.24;774.27;0.6;186.87;522.26
9316452;4259550;5496150;-99;8.68;49.55;176.1;175.9;0.11;6239;2216;19;1955-11-01;2007-10-31;DE;99.86%;-999;WEINHEIM;WESCHNITZ;295.86;95.26;108.53;573.95;37.19;9.47;53.34;1956;2006;587.71;994.77;750.83;0.69;448.26;546.99
9316453;4252650;5509250;93.94;8.57;49.67;382.8;420.6;9.88;6108;2147;19;1957-11-01;1995-12-31;DE;100.00%;-999;LORSCH;WESSNITZ;222.61;118.86;94.16;573.95;33.44;13.50;53.07;1958;1995;244.09;889.22;766.8;0.17;345.54;543.15
9316457;4271877.2;5523971.81;159.45;8.83;49.81;151;155.2;2.77;5961;2339;18;1960-11-01;2007-10-31;DE;99.84%;-999;GROSS-BIEBERAU;GERSPRENZ;287.67;84.75;159.74;599.16;34.73;4.71;60.56;1961;2006;357.07;951.92;734.76;0.77;430.39;523.18
9316458;4284150;5541950;119.84;8.99;49.97;461;470.2;1.99;5781;2462;18;1955-11-01;2007-10-31;DE;99.86%;-999;HARRESHAUSEN;GERSPRENZ;214.13;82.01;119.09;599.16;34.66;9.42;55.93;1956;2006;214.5;813.09;762.29;0.62;290.64;523.79
9316460;4299850;5509550;197.72;9.22;49.69;396;405.2;2.32;6105;2619;19;1960-01-01;1995-12-31;DE;100.00%;-999;WEILBACH;MUD;389.53;83.07;130.89;549.62;61.35;4.41;34.24;1960;1995;269.55;877.3;758.05;0.72;338.85;539.01
9316463;4336050;5491650;206.5;9.71;49.53;1099.9;1072.2;2.52;6284;2981;19;1968-01-01;1996-12-31;DE;100.00%;-999;SACHSENFLUR;UMPFER;374.68;62.79;190.09;545.97;18.89;3.01;78.10;1968;1996;20.41;704.72;775.63;-103.79;187.29;519.34
9316464;4250150;5341950;549.47;8.64;48.17;454;458.4;0.97;7781;2122;20;1938-11-01;1996-10-31;DE;99.57%;-999;ROTTWEIL;NECKAR;701.65;58.28;556.14;1015.12;34.01;10.72;55.27;1955;1995;347.26;942.04;739.2;0.65;405.66;549.19
9316466;4256350;5373050;385.15;8.71;48.45;1119;1124.5;0.49;7470;2184;20;1931-11-01;1996-10-31;DE;98.84%;-999;HORB;NECKAR;653.01;85.93;385.80;1015.12;34.88;9.19;55.93;1955;1995;404.34;1002.46;741.61;0.77;467.59;550.95
9316470;4289050;5380750;-99;9.13;48.53;139;135.5;2.5;7393;2511;20;1961-05-01;1994-05-31;DE;99.97%;-999;TUEBINGEN-BLAESIBERG;STEINLACH;528.70;144.07;312.41;859.50;34.60;22.60;42.79;1962;1993;402.28;872.47;772.97;0.42;327.96;551.17
9316471;4246750;5365250;428.1;8.58;48.38;202;206.4;2.19;7548;2088;20;1928-11-01;2007-10-31;DE;99.09%;-999;HOPFAU;GLATT;645.52;60.07;432.99;844.21;36.94;7.30;55.75;1955;2006;634.78;1267.3;729.51;0.72;759.22;553.17
9316473;4276250.84;5381247.26;348.6;8.97;48.53;133;134.1;0.8;7388;2383;20;1911-11-01;1996-10-31;DE;99.70%;-999;PFAEFFINGEN;AMMER;457.20;53.85;347.51;604.36;9.64;13.04;77.33;1955;1995;251.7;765.92;796.93;0.31;196.2;569.51
9316474;4301850;5392650;-99;9.33;48.64;161.3;177.3;9.91;7274;2639;20;1910-11-01;1996-10-31;DE;99.32%;-999;WANNWEIL;ECHAZ;428.50;48.94;287.00;581.80;49.73;11.53;38.74;1955;1995;482.88;772.6;790.12;-0.11;198.42;574.13
9316475;4298150;5384850;320.57;9.27;48.57;161;170.7;6.01;7352;2602;20;1921-11-01;1996-10-31;DE;99.54%;-999;RIEDERICH;ERMS;614.30;151.82;313.38;867.50;45.12;9.24;45.63;1955;1995;560.73;955.33;749.38;0.56;403.75;558.38
9316476;4307750;5396150;-99;9.39;48.67;178.7;191.7;7.28;7239;2698;20;1950-11-01;1994-05-31;DE;99.95%;-999;OBERENSINGEN-;AICH;521.71;163.64;264.77;870.72;26.23;12.86;60.91;1955;1993;204.5;963.37;736.97;-0.21;430.92;540.38
9316479;4303350;5415950;218.15;9.32;48.85;569;568.6;0.07;7041;2654;20;1922-11-01;1996-10-31;DE;99.43%;-999;NEUSTADT;REMS;398.48;100.02;221.19;779.53;38.39;14.15;47.47;1955;1995;383.35;951.98;776.24;0.66;386.52;569.44
9316480;4314850;5431150;257.3;9.47;48.99;180;180.6;0.35;6889;2769;19;1936-11-01;1996-10-31;DE;98.64%;-999;OPPENWEILER;MURR;424.79;67.52;256.63;586.35;62.56;3.86;33.59;1955;1995;407.39;1033.3;772.96;0.6;459.39;573.61
9316483;4260350;5422950;244.55;8.73;48.9;1476;1479.4;0.23;6971;2224;19;1950-11-01;1988-10-31;DE;99.11%;-999;PFORZHEIM;ENZ;568.17;125.75;243.01;987.63;52.82;9.13;38.05;1955;1987;374.27;1009.47;746.37;0.79;461.49;554.57
9316485;4298850;5453950;168.4;9.24;49.19;109.6;108.2;1.27;6661;2609;19;1931-11-01;1997-12-31;DE;97.60%;-999;HAUSEN;ZABER;247.93;60.16;153.94;506.07;27.76;12.05;60.19;1955;1997;204.99;832.01;790.83;0.19;274.77;558.37
9316487;4257550;5416450;293.76;8.7;48.84;705;708.3;0.47;7036;2196;20;1931-11-01;1992-12-31;DE;96.68%;-999;UNTERREICHENBACH;NAGOLD;585.25;91.69;296.82;888.15;51.75;6.58;41.68;1955;1992;370.84;1013.55;750.34;0.76;464.48;560.59
9316489;4284550;5426550;197.72;9.06;48.94;194;194.8;0.43;6935;2466;19;1943-11-01;1979-10-31;DE;98.09%;-999;UNTERRIEXINGEN;GLEMS;372.66;63.26;195.06;542.60;27.08;18.91;54.01;1955;1978;151.16;720.93;769.57;-0.43;178.12;541.05
9316494;4315450;5458850;183.99;9.46;49.24;152;146.3;3.72;6612;2775;19;1941-11-01;1996-10-31;DE;100.00%;-999;OHRNBERG;OHRN;340.94;85.22;188.67;501.09;33.00;8.16;58.84;1955;1995;336.99;897.66;775.65;0.55;345.86;551.24
9316495;4268550;5468350;143.4;8.84;49.31;259.5;257.4;0.82;6517;2306;19;1950-11-01;1997-12-31;DE;99.99%;-999;MECKESHEIM;ELSENZ;224.02;31.41;140.94;332.94;19.65;9.63;70.72;1955;1997;310.45;805.78;791.47;0.3;254.17;552.39
9316503;4336750;5429450;-99;9.77;49;141.4;134.6;4.79;6906;2988;19;1941-11-01;2007-10-31;DE;98.74%;-999;NEUENSTADT;BRETTACH;453.58;47.54;330.30;583.72;54.34;3.68;41.98;1955;2006;323.73;1012.95;771.05;0.41;448.33;565.19
9316505;4361550;5432750;-99;10.12;49.02;245.7;267;8.69;6873;3236;28;1921-11-01;2007-10-31;DE;99.91%;-999;ABTSGMUEND;LEIN;499.69;39.22;418.95;719.27;33.48;5.13;61.39;1955;2006;411.81;853.22;780.07;0.47;299.66;558.29
9316509;4248495.92;5338978.41;570.35;8.62;48.14;220;219.6;0.2;7811;2105;20;1962-11-01;1982-10-31;DE;100.00%;-999;BUEHLINGEN;ESCHACH;708.94;47.29;570.61;895.41;34.65;5.52;59.83;1963;1981;400.57;1045.67;739.38;0.65;508.38;553.31
9316515;4269650;5365550;417.78;8.89;48.39;131.5;123.8;5.88;7545;2317;20;1936-11-01;1996-10-31;DE;100.00%;-999;RANGENDINGEN;STARZEL;639.24;134.91;414.31;953.01;45.35;8.52;46.12;1955;1995;322.84;884.05;761.26;0.45;343.98;559.82
9316520;4339150;5390250;-99;9.82;48.63;259.7;252.6;2.75;7298;3012;29;1950-11-01;1993-12-31;DE;99.08%;-999;UNTERSCHEFFACH;BUEHLER;662.65;87.63;411.56;864.28;39.00;5.81;55.19;1955;1993;333.3;1027.17;696.1;0.22;517.57;527.71
9316522;4313050;5886250;11.9;9.21;53.08;955;914.3;4.26;2338;2751;15;1960-11-01;2005-12-31;DE;100.00%;-999;HELLWEGE-SCHL.-V;WUMME;44.75;18.74;12.25;169.15;18.84;4.90;76.26;1961;2005;336.92;774.7;701.73;0.69;280.44;494.32
9316523;4334950;5899350;26.89;9.53;53.2;239;231.7;3.05;2207;2970;15;1968-11-01;1996-12-31;DE;100.00%;-999;LAUENBRUCK-B-75;WUMME;53.17;19.93;27.24;169.15;21.09;3.14;75.77;1969;1996;305.67;744.2;695.71;0.69;263.63;482.82
9316524;4311550;5915950;7.21;9.17;53.34;604;626.2;3.68;2041;2736;15;1960-11-01;2005-12-31;DE;100.00%;-999;ROCKSTEDT;OSTE;32.03;8.51;7.98;96.72;10.97;4.42;84.61;1961;2005;316.68;777.11;694.36;0.69;281.89;495.36
9316526;4348850;5864150;41.38;9.75;52.89;285;286.3;0.45;2559;3109;24;1960-11-01;1996-12-31;DE;100.00%;-999;BROCK;BOHME;76.55;15.06;43.17;145.20;42.41;3.78;53.81;1961;1996;357.93;792.11;702.6;0.35;287.84;506.17
9316529;4411058.51;5597642.37;-999;10.746;50.509;114;122;7.02;5224;3731;27;1962-11-01;2006-10-31;DE;100.00%;-999;SCHLEUSINGEN;NAHE-(THUERINGEN);591.05;122.97;369.32;942.86;74.11;6.49;19.40;1963;2005;569.84;1010.82;653.63;0.74;510.49;497.95
9316534;4358828.85;5695728.83;-999;9.972;51.38;275;273.9;0.41;4243;3209;26;1959-11-01;2006-10-31;DE;100.00%;-999;ARENSHAUSEN;LEINE;351.38;66.81;199.14;514.98;28.31;6.01;65.68;1960;2005;305.82;738.05;718.52;0.68;239.52;502.02
9324001;4702150;5685550;-99;14.89;51.27;135;135.2;0.16;4345;6642;52;1962-11-01;1996-10-31;DE;100.00%;-999;SAERICHEN;WEISSER-SCHOEPS;241.82;40.75;171.72;410.40;10.30;8.98;80.72;1963;1995;193.82;682.04;725.64;0.46;188.15;491.6
9324002;4706750;5662750;-99;14.95;51.07;162;163.4;0.89;4573;6688;52;1964-11-01;1996-10-31;DE;100.00%;-999;TAUCHRITZ;PLIESSNITZ;304.61;43.30;202.46;570.36;21.00;5.60;73.39;1965;1995;228.79;699;709.82;0.39;203.89;494.13
